# z=200.0
# H0:67.4 omega_m:0.314885968880016 omega_b:0.049309230511847414 omega_nu:0.0014201463404145906 w:-1.0 wa:0.0 sigma8(z=0):0.03365144806932789
# koh d_cdm d_b d_gamma d_neutrino d_nu d_tot d_nonu d_tot_de Weyl v_newt_cdm v_newt_b v_b_cdm
1.048503e-05 1.128367e+05 1.128367e+05 1.504487e+05 1.504486e+05 1.404865e+05 1.130965e+05 1.128367e+05 1.206974e+05 -6.068626e-01 1.124932e+05 1.124932e+05 6.849829e-01
1.157745e-05 1.128367e+05 1.128367e+05 1.504486e+05 1.504486e+05 1.404864e+05 1.130965e+05 1.128367e+05 1.206974e+05 -6.068625e-01 1.124932e+05 1.124932e+05 7.563500e-01
1.278368e-05 1.128367e+05 1.128367e+05 1.504486e+05 1.504485e+05 1.404863e+05 1.130965e+05 1.128367e+05 1.206974e+05 -6.068625e-01 1.124932e+05 1.124932e+05 8.351529e-01
1.411559e-05 1.128367e+05 1.128367e+05 1.504485e+05 1.504484e+05 1.404862e+05 1.130965e+05 1.128367e+05 1.206974e+05 -6.068625e-01 1.124932e+05 1.124932e+05 9.221660e-01
1.558627e-05 1.128367e+05 1.128367e+05 1.504484e+05 1.504482e+05 1.404861e+05 1.130965e+05 1.128367e+05 1.206974e+05 -6.068624e-01 1.124932e+05 1.124932e+05 1.018245e+00
1.721018e-05 1.128367e+05 1.128367e+05 1.504482e+05 1.504481e+05 1.404860e+05 1.130964e+05 1.128367e+05 1.206974e+05 -6.068623e-01 1.124932e+05 1.124932e+05 1.124334e+00
1.900328e-05 1.128367e+05 1.128366e+05 1.504481e+05 1.504479e+05 1.404858e+05 1.130964e+05 1.128367e+05 1.206973e+05 -6.068622e-01 1.124932e+05 1.124932e+05 1.241477e+00
2.098320e-05 1.128367e+05 1.128366e+05 1.504479e+05 1.504477e+05 1.404856e+05 1.130964e+05 1.128367e+05 1.206973e+05 -6.068621e-01 1.124932e+05 1.124932e+05 1.370824e+00
2.316941e-05 1.128366e+05 1.128366e+05 1.504477e+05 1.504474e+05 1.404854e+05 1.130964e+05 1.128366e+05 1.206973e+05 -6.068619e-01 1.124932e+05 1.124932e+05 1.513647e+00
2.558339e-05 1.128366e+05 1.128366e+05 1.504474e+05 1.504470e+05 1.404851e+05 1.130964e+05 1.128366e+05 1.206973e+05 -6.068617e-01 1.124931e+05 1.124931e+05 1.671351e+00
2.824888e-05 1.128366e+05 1.128365e+05 1.504470e+05 1.504466e+05 1.404847e+05 1.130963e+05 1.128366e+05 1.206972e+05 -6.068615e-01 1.124931e+05 1.124931e+05 1.845486e+00
3.119209e-05 1.128366e+05 1.128365e+05 1.504466e+05 1.504461e+05 1.404843e+05 1.130963e+05 1.128366e+05 1.206972e+05 -6.068612e-01 1.124931e+05 1.124931e+05 2.037764e+00
3.444194e-05 1.128365e+05 1.128365e+05 1.504461e+05 1.504455e+05 1.404837e+05 1.130963e+05 1.128365e+05 1.206971e+05 -6.068608e-01 1.124931e+05 1.124930e+05 2.250075e+00
3.803039e-05 1.128365e+05 1.128364e+05 1.504455e+05 1.504447e+05 1.404831e+05 1.130962e+05 1.128365e+05 1.206970e+05 -6.068604e-01 1.124930e+05 1.124930e+05 2.484505e+00
4.199271e-05 1.128365e+05 1.128363e+05 1.504447e+05 1.504438e+05 1.404822e+05 1.130962e+05 1.128364e+05 1.206969e+05 -6.068599e-01 1.124930e+05 1.124929e+05 2.743360e+00
4.636787e-05 1.128364e+05 1.128363e+05 1.504438e+05 1.504426e+05 1.404813e+05 1.130961e+05 1.128364e+05 1.206968e+05 -6.068592e-01 1.124929e+05 1.124929e+05 3.029184e+00
5.119886e-05 1.128363e+05 1.128361e+05 1.504427e+05 1.504412e+05 1.404801e+05 1.130960e+05 1.128363e+05 1.206966e+05 -6.068584e-01 1.124928e+05 1.124928e+05 3.344788e+00
5.653318e-05 1.128362e+05 1.128360e+05 1.504413e+05 1.504395e+05 1.404786e+05 1.130959e+05 1.128362e+05 1.206964e+05 -6.068575e-01 1.124927e+05 1.124927e+05 3.693272e+00
6.242328e-05 1.128361e+05 1.128359e+05 1.504396e+05 1.504375e+05 1.404768e+05 1.130958e+05 1.128361e+05 1.206962e+05 -6.068564e-01 1.124926e+05 1.124925e+05 4.078063e+00
6.892706e-05 1.128360e+05 1.128357e+05 1.504376e+05 1.504349e+05 1.404746e+05 1.130956e+05 1.128359e+05 1.206959e+05 -6.068549e-01 1.124925e+05 1.124924e+05 4.502944e+00
7.610846e-05 1.128358e+05 1.128355e+05 1.504350e+05 1.504318e+05 1.404719e+05 1.130954e+05 1.128358e+05 1.206956e+05 -6.068532e-01 1.124923e+05 1.124922e+05 4.972090e+00
8.403807e-05 1.128356e+05 1.128352e+05 1.504320e+05 1.504281e+05 1.404687e+05 1.130952e+05 1.128355e+05 1.206952e+05 -6.068512e-01 1.124921e+05 1.124919e+05 5.490113e+00
9.279386e-05 1.128354e+05 1.128348e+05 1.504283e+05 1.504235e+05 1.404647e+05 1.130949e+05 1.128353e+05 1.206947e+05 -6.068486e-01 1.124918e+05 1.124916e+05 6.062103e+00
1.024619e-04 1.128351e+05 1.128344e+05 1.504238e+05 1.504179e+05 1.404599e+05 1.130945e+05 1.128350e+05 1.206941e+05 -6.068455e-01 1.124915e+05 1.124913e+05 6.693684e+00
1.131372e-04 1.128347e+05 1.128339e+05 1.504182e+05 1.504111e+05 1.404540e+05 1.130941e+05 1.128346e+05 1.206934e+05 -6.068417e-01 1.124911e+05 1.124909e+05 7.391060e+00
1.249248e-04 1.128343e+05 1.128333e+05 1.504115e+05 1.504028e+05 1.404468e+05 1.130935e+05 1.128341e+05 1.206925e+05 -6.068371e-01 1.124907e+05 1.124903e+05 8.161085e+00
1.379405e-04 1.128337e+05 1.128326e+05 1.504032e+05 1.503927e+05 1.404381e+05 1.130929e+05 1.128335e+05 1.206914e+05 -6.068315e-01 1.124901e+05 1.124897e+05 9.011326e+00
1.523123e-04 1.128331e+05 1.128316e+05 1.503932e+05 1.503804e+05 1.404274e+05 1.130921e+05 1.128328e+05 1.206900e+05 -6.068246e-01 1.124894e+05 1.124889e+05 9.950133e+00
1.681815e-04 1.128323e+05 1.128305e+05 1.503810e+05 1.503654e+05 1.404144e+05 1.130911e+05 1.128320e+05 1.206884e+05 -6.068162e-01 1.124886e+05 1.124879e+05 1.098673e+01
1.857041e-04 1.128313e+05 1.128292e+05 1.503661e+05 1.503470e+05 1.403985e+05 1.130899e+05 1.128310e+05 1.206864e+05 -6.068060e-01 1.124876e+05 1.124868e+05 1.213130e+01
2.050523e-04 1.128301e+05 1.128275e+05 1.503479e+05 1.503247e+05 1.403792e+05 1.130885e+05 1.128297e+05 1.206840e+05 -6.067936e-01 1.124863e+05 1.124853e+05 1.339508e+01
2.264163e-04 1.128286e+05 1.128255e+05 1.503258e+05 1.502975e+05 1.403556e+05 1.130868e+05 1.128281e+05 1.206811e+05 -6.067784e-01 1.124848e+05 1.124836e+05 1.479047e+01
2.500063e-04 1.128269e+05 1.128230e+05 1.502988e+05 1.502643e+05 1.403269e+05 1.130846e+05 1.128263e+05 1.206775e+05 -6.067599e-01 1.124830e+05 1.124815e+05 1.633116e+01
2.760540e-04 1.128247e+05 1.128200e+05 1.502659e+05 1.502238e+05 1.402919e+05 1.130820e+05 1.128240e+05 1.206731e+05 -6.067374e-01 1.124807e+05 1.124789e+05 1.803228e+01
3.048156e-04 1.128221e+05 1.128164e+05 1.502258e+05 1.501745e+05 1.402492e+05 1.130789e+05 1.128212e+05 1.206677e+05 -6.067099e-01 1.124780e+05 1.124758e+05 1.991050e+01
3.365739e-04 1.128189e+05 1.128119e+05 1.501769e+05 1.501144e+05 1.401971e+05 1.130750e+05 1.128178e+05 1.206612e+05 -6.066763e-01 1.124746e+05 1.124719e+05 2.198422e+01
3.716409e-04 1.128150e+05 1.128065e+05 1.501173e+05 1.500411e+05 1.401337e+05 1.130703e+05 1.128136e+05 1.206533e+05 -6.066355e-01 1.124705e+05 1.124672e+05 2.427374e+01
4.103616e-04 1.128102e+05 1.127998e+05 1.500447e+05 1.499518e+05 1.400564e+05 1.130645e+05 1.128086e+05 1.206436e+05 -6.065857e-01 1.124656e+05 1.124615e+05 2.680147e+01
4.531165e-04 1.128044e+05 1.127917e+05 1.499562e+05 1.498430e+05 1.399622e+05 1.130575e+05 1.128024e+05 1.206318e+05 -6.065251e-01 1.124595e+05 1.124546e+05 2.959211e+01
5.003259e-04 1.127973e+05 1.127819e+05 1.498483e+05 1.497105e+05 1.398475e+05 1.130490e+05 1.127948e+05 1.206174e+05 -6.064511e-01 1.124521e+05 1.124461e+05 3.267288e+01
5.524541e-04 1.127886e+05 1.127698e+05 1.497169e+05 1.495490e+05 1.397077e+05 1.130386e+05 1.127857e+05 1.205999e+05 -6.063610e-01 1.124431e+05 1.124358e+05 3.607382e+01
6.100134e-04 1.127781e+05 1.127552e+05 1.495568e+05 1.493524e+05 1.395374e+05 1.130259e+05 1.127745e+05 1.205786e+05 -6.062511e-01 1.124321e+05 1.124232e+05 3.982798e+01
6.735697e-04 1.127652e+05 1.127373e+05 1.493618e+05 1.491129e+05 1.393301e+05 1.130105e+05 1.127609e+05 1.205525e+05 -6.061172e-01 1.124187e+05 1.124078e+05 4.397181e+01
7.437478e-04 1.127496e+05 1.127155e+05 1.491244e+05 1.488214e+05 1.390777e+05 1.129916e+05 1.127442e+05 1.205209e+05 -6.059541e-01 1.124024e+05 1.123891e+05 4.854535e+01
8.212376e-04 1.127305e+05 1.126890e+05 1.488353e+05 1.484667e+05 1.387705e+05 1.129687e+05 1.127240e+05 1.204823e+05 -6.057554e-01 1.123825e+05 1.123663e+05 5.359272e+01
9.068010e-04 1.127073e+05 1.126567e+05 1.484835e+05 1.480353e+05 1.383968e+05 1.129408e+05 1.126993e+05 1.204353e+05 -6.055135e-01 1.123582e+05 1.123385e+05 5.916234e+01
1.001279e-03 1.126790e+05 1.126173e+05 1.480555e+05 1.475108e+05 1.379424e+05 1.129067e+05 1.126693e+05 1.203781e+05 -6.052189e-01 1.123286e+05 1.123047e+05 6.530737e+01
1.105601e-03 1.126445e+05 1.125693e+05 1.475351e+05 1.468735e+05 1.373902e+05 1.128652e+05 1.126327e+05 1.203085e+05 -6.048604e-01 1.122926e+05 1.122634e+05 7.208608e+01
1.220791e-03 1.126025e+05 1.125108e+05 1.469027e+05 1.460999e+05 1.367198e+05 1.128148e+05 1.125881e+05 1.202238e+05 -6.044241e-01 1.122487e+05 1.122131e+05 7.956223e+01
1.347984e-03 1.125513e+05 1.124396e+05 1.461348e+05 1.451616e+05 1.359064e+05 1.127533e+05 1.125338e+05 1.201208e+05 -6.038933e-01 1.121953e+05 1.121519e+05 8.780547e+01
1.488428e-03 1.124891e+05 1.123529e+05 1.452031e+05 1.440249e+05 1.349206e+05 1.126786e+05 1.124677e+05 1.199957e+05 -6.032482e-01 1.121303e+05 1.120774e+05 9.689164e+01
1.643505e-03 1.124133e+05 1.122473e+05 1.440739e+05 1.426497e+05 1.337275e+05 1.125877e+05 1.123872e+05 1.198439e+05 -6.024646e-01 1.120510e+05 1.119866e+05 1.069031e+02
1.814739e-03 1.123212e+05 1.121189e+05 1.427072e+05 1.409889e+05 1.322859e+05 1.124772e+05 1.122894e+05 1.196597e+05 -6.015133e-01 1.119546e+05 1.118761e+05 1.179290e+02
2.003814e-03 1.122091e+05 1.119627e+05 1.410557e+05 1.389875e+05 1.305475e+05 1.123430e+05 1.121704e+05 1.194364e+05 -6.003597e-01 1.118374e+05 1.117418e+05 1.300651e+02
2.212588e-03 1.120730e+05 1.117728e+05 1.390640e+05 1.365816e+05 1.284562e+05 1.121802e+05 1.120258e+05 1.191664e+05 -5.989624e-01 1.116947e+05 1.115784e+05 1.434142e+02
2.443114e-03 1.119078e+05 1.115420e+05 1.366677e+05 1.336988e+05 1.259480e+05 1.119827e+05 1.118503e+05 1.188401e+05 -5.972723e-01 1.115215e+05 1.113798e+05 1.580850e+02
2.697658e-03 1.117074e+05 1.112619e+05 1.337933e+05 1.302577e+05 1.229504e+05 1.117436e+05 1.116373e+05 1.184467e+05 -5.952316e-01 1.113110e+05 1.111387e+05 1.741921e+02
2.978722e-03 1.114646e+05 1.109222e+05 1.303578e+05 1.261697e+05 1.193842e+05 1.114545e+05 1.113793e+05 1.179736e+05 -5.927727e-01 1.110558e+05 1.108462e+05 1.918542e+02
3.289070e-03 1.111709e+05 1.105107e+05 1.262700e+05 1.213412e+05 1.151645e+05 1.111055e+05 1.110670e+05 1.174063e+05 -5.898175e-01 1.107464e+05 1.104916e+05 2.111924e+02
3.631753e-03 1.108161e+05 1.100128e+05 1.214324e+05 1.156789e+05 1.102051e+05 1.106852e+05 1.106897e+05 1.167284e+05 -5.862767e-01 1.103719e+05 1.100625e+05 2.323271e+02
4.010139e-03 1.103884e+05 1.094115e+05 1.157460e+05 1.090969e+05 1.044243e+05 1.101801e+05 1.102347e+05 1.159218e+05 -5.820501e-01 1.099195e+05 1.095439e+05 2.553744e+02
4.427949e-03 1.098741e+05 1.086866e+05 1.091172e+05 1.015291e+05 9.775479e+04 1.095752e+05 1.096873e+05 1.149670e+05 -5.770278e-01 1.093738e+05 1.089184e+05 2.804403e+02
4.889290e-03 1.092574e+05 1.078150e+05 1.014690e+05 9.294455e+04 9.015642e+04 1.088532e+05 1.090305e+05 1.138437e+05 -5.710921e-01 1.087173e+05 1.081657e+05 3.076140e+02
5.398697e-03 1.085206e+05 1.067698e+05 9.275672e+04 8.336949e+04 8.163475e+04 1.079951e+05 1.082451e+05 1.125317e+05 -5.641224e-01 1.079297e+05 1.072626e+05 3.369584e+02
5.961178e-03 1.076437e+05 1.055207e+05 8.298958e+04 7.291278e+04 7.226291e+04 1.069805e+05 1.073098e+05 1.110126e+05 -5.560019e-01 1.069883e+05 1.061826e+05 3.684993e+02
6.582264e-03 1.066055e+05 1.040343e+05 7.225754e+04 6.179355e+04 6.228382e+04 1.057885e+05 1.062011e+05 1.092722e+05 -5.466385e-01 1.058704e+05 1.048995e+05 4.022115e+02
7.268059e-03 1.053832e+05 1.022735e+05 6.076155e+04 5.036443e+04 5.186123e+04 1.043958e+05 1.048941e+05 1.072998e+05 -5.359366e-01 1.045442e+05 1.033766e+05 4.380033e+02
8.025306e-03 1.039540e+05 1.001995e+05 4.884271e+04 3.912038e+04 4.144689e+04 1.027817e+05 1.033634e+05 1.050943e+05 -5.238661e-01 1.029831e+05 1.015830e+05 4.756992e+02
8.861450e-03 1.022958e+05 9.777234e+04 3.700016e+04 2.867712e+04 3.158499e+04 1.009266e+05 1.015843e+05 1.026632e+05 -5.104488e-01 1.011600e+05 9.948618e+04 5.150220e+02
9.784710e-03 1.003891e+05 9.495278e+04 2.588279e+04 1.970149e+04 2.286580e+04 9.881366e+04 9.953395e+04 1.000227e+05 -4.957668e-01 9.904934e+04 9.705561e+04 5.555744e+02
1.080416e-02 9.821834e+04 9.170473e+04 1.623451e+04 1.278052e+04 1.584455e+04 9.642946e+04 9.719373e+04 9.719459e+04 -4.799661e-01 9.663091e+04 9.426602e+04 5.968229e+02
1.192983e-02 9.577366e+04 8.799769e+04 8.773332e+03 8.237278e+03 1.088910e+04 9.376449e+04 9.455048e+04 9.419919e+04 -4.632384e-01 9.389283e+04 9.110102e+04 6.380809e+02
1.317278e-02 9.305192e+04 8.380950e+04 3.999166e+03 5.943458e+03 8.004998e+03 9.081270e+04 9.159805e+04 9.104576e+04 -4.457800e-01 9.083422e+04 8.755630e+04 6.784913e+02
1.454523e-02 9.005668e+04 7.912898e+04 1.962073e+03 5.235571e+03 6.727038e+03 8.757098e+04 8.833771e+04 8.772231e+04 -4.277315e-01 8.746686e+04 8.364200e+04 7.170001e+02
1.606067e-02 8.679708e+04 7.395841e+04 2.085269e+03 5.072619e+03 6.200922e+03 8.403930e+04 8.477752e+04 8.419229e+04 -4.091179e-01 8.381450e+04 7.938313e+04 7.523134e+02
1.773401e-02 8.328573e+04 6.831649e+04 3.199452e+03 4.499098e+03 5.530453e+03 8.022264e+04 8.093102e+04 8.040501e+04 -3.898236e-01 7.990898e+04 7.481742e+04 7.828307e+02
1.958169e-02 7.953662e+04 6.224305e+04 3.935973e+03 3.229960e+03 4.293529e+03 7.613494e+04 7.681629e+04 7.632253e+04 -3.696398e-01 7.578374e+04 6.999130e+04 8.065601e+02
2.162187e-02 7.556482e+04 5.580712e+04 3.439655e+03 1.854664e+03 2.839782e+03 7.180283e+04 7.245687e+04 7.195133e+04 -3.483944e-01 7.146815e+04 6.495727e+04 8.210523e+02
2.387462e-02 7.138918e+04 4.911916e+04 1.977243e+03 1.199213e+03 1.908421e+03 6.726618e+04 6.788602e+04 6.735366e+04 -3.261050e-01 6.698743e+04 5.977741e+04 8.234261e+02
2.636207e-02 6.703733e+04 4.234539e+04 7.325374e+02 1.139631e+03 1.701666e+03 6.257588e+04 6.315320e+04 6.261938e+04 -3.030472e-01 6.236753e+04 5.453058e+04 8.105729e+02
2.910870e-02 6.255093e+04 3.571899e+04 5.593540e+02 8.631653e+02 1.557371e+03 5.779681e+04 5.833018e+04 5.782991e+04 -2.796453e-01 5.766866e+04 4.934611e+04 7.795755e+02
3.214148e-02 5.798862e+04 2.954115e+04 9.007550e+02 6.480807e+02 1.028235e+03 5.302064e+04 5.351374e+04 5.306212e+04 -2.564078e-01 5.296503e+04 4.438001e+04 7.282830e+02
3.549025e-02 5.342553e+04 2.416357e+04 6.813227e+02 4.846381e+02 6.632393e+02 4.837007e+04 4.882252e+04 4.840136e+04 -2.338383e-01 4.836145e+04 3.982341e+04 6.559552e+02
3.918792e-02 4.895025e+04 1.994571e+04 1.977903e+02 3.621357e+02 6.540023e+02 4.397687e+04 4.438774e+04 4.398948e+04 -2.124954e-01 4.397485e+04 3.586853e+04 5.640223e+02
4.327085e-02 4.465824e+04 1.717892e+04 2.865630e+02 2.707905e+02 4.295146e+02 3.996074e+04 4.033565e+04 3.997496e+04 -1.930100e-01 3.991682e+04 3.266429e+04 4.570023e+02
4.759793e-02 4.077972e+04 1.598705e+04 2.072909e+02 2.061390e+02 3.118566e+02 3.653620e+04 3.687975e+04 3.654665e+04 -1.764211e-01 3.639542e+04 3.032854e+04 3.475378e+02
5.192502e-02 3.752509e+04 1.604946e+04 1.627032e+02 1.617841e+02 2.995193e+02 3.382891e+04 3.414691e+04 3.383712e+04 -1.633075e-01 3.358278e+04 2.880857e+04 2.506973e+02
5.625210e-02 3.476091e+04 1.673469e+04 1.309070e+02 1.301539e+02 1.831025e+02 3.162711e+04 3.192532e+04 3.163371e+04 -1.526515e-01 3.127000e+04 2.771503e+04 1.723144e+02
6.057919e-02 3.238470e+04 1.750312e+04 1.072344e+02 1.066077e+02 1.900354e+02 2.976330e+04 3.004377e+04 2.976871e+04 -1.436327e-01 2.931054e+04 2.675776e+04 1.148988e+02
6.490627e-02 3.031486e+04 1.795516e+04 8.882539e+01 8.830032e+01 1.434700e+02 2.810545e+04 2.837063e+04 2.810993e+04 -1.356181e-01 2.759647e+04 2.573940e+04 7.801262e+01
6.923336e-02 2.847064e+04 1.784104e+04 7.400306e+01 7.356329e+01 1.123344e+02 2.654785e+04 2.679857e+04 2.655158e+04 -1.280916e-01 2.602891e+04 2.453183e+04 5.895977e+01
7.356045e-02 2.677750e+04 1.706935e+04 6.178237e+01 6.141593e+01 1.126408e+02 2.501421e+04 2.525038e+04 2.501733e+04 -1.206839e-01 2.452431e+04 2.307872e+04 5.358260e+01
7.788753e-02 2.519360e+04 1.571189e+04 5.159656e+01 5.129325e+01 7.462657e+01 2.348011e+04 2.370209e+04 2.348272e+04 -1.132781e-01 2.304800e+04 2.141723e+04 5.708840e+01
8.221462e-02 2.370508e+04 1.395958e+04 4.311109e+01 4.286130e+01 7.483830e+01 2.196448e+04 2.217208e+04 2.196665e+04 -1.059617e-01 2.160752e+04 1.965330e+04 6.481083e+01
8.654170e-02 2.231327e+04 1.206088e+04 3.609241e+01 3.588685e+01 5.417715e+01 2.050656e+04 2.070053e+04 2.050838e+04 -9.892587e-02 2.023149e+04 1.792033e+04 7.281649e+01
9.086879e-02 2.102102e+04 1.025983e+04 3.036083e+01 3.019086e+01 3.542284e+01 1.914699e+04 1.932825e+04 1.914852e+04 -9.236477e-02 1.894680e+04 1.633764e+04 7.829070e+01
9.625112e-02 1.955613e+04 8.447770e+03 2.477186e+01 2.463549e+01 2.143615e+01 1.764164e+04 1.780875e+04 1.764288e+04 -8.510017e-02 1.750703e+04 1.470681e+04 7.932517e+01
1.016334e-01 1.825689e+04 7.313355e+03 2.057920e+01 2.046669e+01 8.091190e+00 1.638016e+04 1.653543e+04 1.638120e+04 -7.901280e-02 1.627279e+04 1.352926e+04 7.360342e+01
1.070158e-01 1.712843e+04 6.887281e+03 1.745375e+01 1.735777e+01 2.230954e+01 1.537189e+04 1.551747e+04 1.537277e+04 -7.414699e-02 1.525858e+04 1.279723e+04 6.271192e+01
1.123981e-01 1.615803e+04 7.019583e+03 1.509240e+01 1.500805e+01 2.928628e+01 1.458250e+04 1.472053e+04 1.458326e+04 -7.033750e-02 1.444126e+04 1.240637e+04 4.936364e+01
1.177804e-01 1.531402e+04 7.445219e+03 1.324109e+01 1.316561e+01 2.600853e+01 1.394423e+04 1.407623e+04 1.394490e+04 -6.725696e-02 1.376486e+04 1.219211e+04 3.640924e+01
1.231628e-01 1.455883e+04 7.877154e+03 1.170609e+01 1.163822e+01 1.302499e+01 1.338100e+04 1.350778e+04 1.338159e+04 -6.453889e-02 1.316623e+04 1.198892e+04 2.606374e+01
1.285451e-01 1.386078e+04 8.087896e+03 1.036051e+01 1.029982e+01 1.699373e+01 1.283116e+04 1.295268e+04 1.283168e+04 -6.188567e-02 1.259507e+04 1.167631e+04 1.948825e+01
1.339274e-01 1.319879e+04 7.957654e+03 9.137354e+00 9.083735e+00 1.502109e+01 1.225823e+04 1.237434e+04 1.225869e+04 -5.912172e-02 1.202157e+04 1.119952e+04 1.673609e+01
1.393097e-01 1.256257e+04 7.484934e+03 8.015673e+00 7.968906e+00 1.365108e+01 1.165345e+04 1.176384e+04 1.165386e+04 -5.620427e-02 1.143664e+04 1.056892e+04 1.698336e+01
1.446921e-01 1.194955e+04 6.764024e+03 7.000390e+00 6.960020e+00 1.085183e+01 1.102935e+04 1.113385e+04 1.102970e+04 -5.319389e-02 1.084640e+04 9.842256e+03 1.892243e+01
1.500744e-01 1.136209e+04 5.942957e+03 6.105895e+00 6.071201e+00 1.044072e+01 1.041100e+04 1.050964e+04 1.041131e+04 -5.021130e-02 1.026552e+04 9.099479e+03 2.118522e+01
1.554567e-01 1.080755e+04 5.178333e+03 5.342927e+00 5.313002e+00 8.443325e+00 9.828918e+03 9.922056e+03 9.829188e+03 -4.740373e-02 9.715000e+03 8.421678e+03 2.268411e+01
1.608391e-01 1.029688e+04 4.595257e+03 4.711574e+00 4.685439e+00 8.434118e+00 9.311759e+03 9.399991e+03 9.311996e+03 -4.490924e-02 9.218502e+03 7.873066e+03 2.280847e+01
1.662214e-01 9.837823e+03 4.257292e+03 4.200156e+00 4.176900e+00 6.105176e+00 8.875866e+03 8.959987e+03 8.876078e+03 -4.280674e-02 8.791394e+03 7.482820e+03 2.146525e+01
1.716037e-01 9.429214e+03 4.156183e+03 3.788566e+00 3.767462e+00 7.044785e+00 8.519021e+03 8.599748e+03 8.519212e+03 -4.108541e-02 8.432063e+03 7.237189e+03 1.898543e+01
1.769861e-01 9.062862e+03 4.226297e+03 3.452137e+00 3.432698e+00 5.649538e+00 8.224109e+03 8.302054e+03 8.224284e+03 -3.966284e-02 8.126024e+03 7.091065e+03 1.594443e+01
1.823684e-01 8.729506e+03 4.373897e+03 3.166389e+00 3.148343e+00 5.825719e+00 7.968833e+03 8.044354e+03 7.968992e+03 -3.843141e-02 7.856390e+03 6.989492e+03 1.296113e+01
1.877507e-01 8.420389e+03 4.504961e+03 2.911207e+00 2.894443e+00 4.758519e+00 7.731201e+03 7.804479e+03 7.731348e+03 -3.728516e-02 7.607244e+03 6.881950e+03 1.053312e+01
1.931330e-01 8.126424e+03 4.546378e+03 2.673557e+00 2.658065e+00 4.834954e+00 7.492260e+03 7.563270e+03 7.492394e+03 -3.613262e-02 7.363106e+03 6.729965e+03 8.938577e+00
1.985154e-01 7.839945e+03 4.460749e+03 2.447254e+00 2.433060e+00 4.027381e+00 7.239763e+03 7.308386e+03 7.239886e+03 -3.491479e-02 7.112400e+03 6.514577e+03 8.211137e+00
2.038977e-01 7.557874e+03 4.251803e+03 2.231421e+00 2.218532e+00 4.041663e+00 6.971735e+03 7.037817e+03 6.971849e+03 -3.362207e-02 6.852459e+03 6.240810e+03 8.179278e+00
2.092800e-01 7.281735e+03 3.956940e+03 2.028591e+00 2.016960e+00 3.436620e+00 6.695269e+03 6.758734e+03 6.695371e+03 -3.228870e-02 6.588721e+03 5.932508e+03 8.549517e+00
2.146624e-01 7.015001e+03 3.630910e+03 1.842819e+00 1.832345e+00 3.356868e+00 6.421800e+03 6.482672e+03 6.421893e+03 -3.096980e-02 6.329596e+03 5.620789e+03 9.003187e+00
2.200447e-01 6.761249e+03 3.328730e+03 1.677553e+00 1.668093e+00 2.899143e+00 6.162880e+03 6.221301e+03 6.162965e+03 -2.972108e-02 6.083207e+03 5.334421e+03 9.278367e+00
2.254270e-01 6.523634e+03 3.092401e+03 1.534185e+00 1.525578e+00 2.883536e+00 5.927698e+03 5.983890e+03 5.927776e+03 -2.858682e-02 5.856481e+03 5.094170e+03 9.220432e+00
2.308094e-01 6.304138e+03 2.942590e+03 1.411745e+00 1.403833e+00 2.450941e+00 5.721119e+03 5.775355e+03 5.721190e+03 -2.759051e-02 5.653672e+03 4.909008e+03 8.796941e+00
2.361917e-01 6.102770e+03 2.876518e+03 1.307474e+00 1.300124e+00 2.433783e+00 5.542725e+03 5.595270e+03 5.542792e+03 -2.673012e-02 5.474881e+03 4.774930e+03 8.080303e+00
2.415740e-01 5.917722e+03 2.872392e+03 1.217548e+00 1.210665e+00 2.181233e+00 5.387606e+03 5.438682e+03 5.387668e+03 -2.598198e-02 5.316556e+03 4.677929e+03 7.208113e+00
2.469563e-01 5.745987e+03 2.897899e+03 1.137880e+00 1.131405e+00 2.072111e+00 5.248219e+03 5.297973e+03 5.248276e+03 -2.530971e-02 5.173061e+03 4.599240e+03 6.335501e+00
2.523387e-01 5.583778e+03 2.919501e+03 1.064885e+00 1.058790e+00 1.900133e+00 5.116175e+03 5.164678e+03 5.116229e+03 -2.467286e-02 5.037785e+03 4.520150e+03 5.593259e+00
2.577210e-01 5.427312e+03 2.910725e+03 9.960640e-01 9.903423e-01 1.824602e+00 4.984191e+03 5.031444e+03 4.984242e+03 -2.403632e-02 4.904490e+03 4.426173e+03 5.060469e+00
2.631033e-01 5.274098e+03 2.858004e+03 9.301457e-01 9.247991e-01 1.671364e+00 4.848075e+03 4.894038e+03 4.848122e+03 -2.337986e-02 4.769371e+03 4.310550e+03 4.754893e+00
2.684857e-01 5.123571e+03 2.762231e+03 8.669047e-01 8.619316e-01 1.557195e+00 4.707493e+03 4.752124e+03 4.707537e+03 -2.270187e-02 4.632069e+03 4.175161e+03 4.640156e+00
2.738680e-01 4.976384e+03 2.635701e+03 8.068197e-01 8.022087e-01 1.500253e+00 4.564908e+03 4.608187e+03 4.564949e+03 -2.201422e-02 4.494515e+03 4.027963e+03 4.644969e+00
2.792503e-01 4.833459e+03 2.496680e+03 7.506919e-01 7.464207e-01 1.363053e+00 4.423932e+03 4.465876e+03 4.423970e+03 -2.133435e-02 4.359217e+03 3.879179e+03 4.687136e+00
2.846327e-01 4.695828e+03 2.364094e+03 6.992675e-01 6.953053e-01 1.296110e+00 4.288380e+03 4.329039e+03 4.288415e+03 -2.068062e-02 4.228758e+03 3.738622e+03 4.695226e+00
2.900150e-01 4.564781e+03 2.253254e+03 6.529498e-01 6.492605e-01 1.206591e+00 4.161711e+03 4.201170e+03 4.161744e+03 -2.006975e-02 4.105820e+03 3.614070e+03 4.623261e+00
2.953973e-01 4.441419e+03 2.172645e+03 6.116856e-01 6.082323e-01 1.165683e+00 4.046170e+03 4.084533e+03 4.046201e+03 -1.951253e-02 3.992451e+03 3.509634e+03 4.456576e+00
3.007796e-01 4.325932e+03 2.122510e+03 5.750036e-01 5.717534e-01 1.032700e+00 3.941950e+03 3.979326e+03 3.941979e+03 -1.900991e-02 3.888997e+03 3.424677e+03 4.209145e+00
3.061620e-01 4.217478e+03 2.095948e+03 5.421491e-01 5.390764e-01 1.059383e+00 3.847276e+03 3.883754e+03 3.847304e+03 -1.855332e-02 3.794018e+03 3.354478e+03 3.914455e+00
3.115443e-01 4.114755e+03 2.082003e+03 5.122558e-01 5.093434e-01 9.179188e-01 3.759352e+03 3.794997e+03 3.759378e+03 -1.812929e-02 3.705259e+03 3.292393e+03 3.613381e+00
3.169266e-01 4.016538e+03 2.069172e+03 4.845282e-01 4.817655e-01 9.436294e-01 3.675363e+03 3.710211e+03 3.675387e+03 -1.772423e-02 3.620553e+03 3.232017e+03 3.342699e+00
3.223090e-01 3.921769e+03 2.048130e+03 4.583629e-01 4.557442e-01 8.169910e-01 3.592971e+03 3.627039e+03 3.592994e+03 -1.732690e-02 3.538080e+03 3.168452e+03 3.126920e+00
3.276913e-01 3.829535e+03 2.013404e+03 4.334030e-01 4.309252e-01 8.616530e-01 3.510565e+03 3.543852e+03 3.510587e+03 -1.692948e-02 3.456427e+03 3.098927e+03 2.974652e+00
3.330736e-01 3.739220e+03 1.964060e+03 4.095163e-01 4.071766e-01 7.186641e-01 3.427482e+03 3.459981e+03 3.427502e+03 -1.652880e-02 3.374861e+03 3.023121e+03 2.879427e+00
3.384559e-01 3.650748e+03 1.903345e+03 3.867475e-01 3.845417e-01 7.758960e-01 3.344167e+03 3.375875e+03 3.344186e+03 -1.612701e-02 3.293608e+03 2.943065e+03 2.823991e+00
3.438383e-01 3.564546e+03 1.837270e+03 3.652376e-01 3.631589e-01 6.516585e-01 3.261909e+03 3.292839e+03 3.261928e+03 -1.573032e-02 3.213683e+03 2.862307e+03 2.786393e+00
3.492206e-01 3.481203e+03 1.772565e+03 3.451448e-01 3.431844e-01 6.962152e-01 3.182255e+03 3.212429e+03 3.182272e+03 -1.534618e-02 3.136314e+03 2.784604e+03 2.746063e+00
3.546029e-01 3.401134e+03 1.714783e+03 3.265669e-01 3.247146e-01 5.733008e-01 3.106409e+03 3.135865e+03 3.106426e+03 -1.498041e-02 3.062403e+03 2.712774e+03 2.688375e+00
3.599853e-01 3.324489e+03 1.667165e+03 3.095064e-01 3.077519e-01 6.502228e-01 3.035009e+03 3.063787e+03 3.035024e+03 -1.463608e-02 2.992380e+03 2.648201e+03 2.606898e+00
3.653676e-01 3.251275e+03 1.630356e+03 2.938670e-01 2.922006e-01 5.054564e-01 2.968154e+03 2.996299e+03 2.968169e+03 -1.431367e-02 2.926332e+03 2.590894e+03 2.503264e+00
3.707499e-01 3.181392e+03 1.602724e+03 2.794851e-01 2.778987e-01 5.860499e-01 2.905512e+03 2.933062e+03 2.905526e+03 -1.401157e-02 2.864069e+03 2.539747e+03 2.385173e+00
3.761322e-01 3.114563e+03 1.581016e+03 2.661589e-01 2.646461e-01 4.667498e-01 2.846341e+03 2.873332e+03 2.846354e+03 -1.372622e-02 2.805068e+03 2.492843e+03 2.263351e+00
3.815146e-01 3.050310e+03 1.561307e+03 2.536871e-01 2.522432e-01 5.365241e-01 2.789633e+03 2.816085e+03 2.789646e+03 -1.345274e-02 2.748516e+03 2.447913e+03 2.148364e+00
3.868969e-01 2.988093e+03 1.540057e+03 2.418967e-01 2.405185e-01 4.102631e-01 2.734383e+03 2.760312e+03 2.734395e+03 -1.318629e-02 2.693567e+03 2.402953e+03 2.048073e+00
3.922792e-01 2.927509e+03 1.514961e+03 2.306706e-01 2.293557e-01 5.004125e-01 2.679899e+03 2.705311e+03 2.679911e+03 -1.292354e-02 2.639619e+03 2.356739e+03 1.966226e+00
3.976616e-01 2.868376e+03 1.485315e+03 2.199495e-01 2.186959e-01 3.771274e-01 2.625915e+03 2.650815e+03 2.625926e+03 -1.266321e-02 2.586434e+03 2.308994e+03 1.902303e+00
4.030439e-01 2.810668e+03 1.451865e+03 2.097223e-01 2.085276e-01 4.459763e-01 2.572531e+03 2.596924e+03 2.572541e+03 -1.240576e-02 2.534062e+03 2.260245e+03 1.852395e+00
4.084262e-01 2.754434e+03 1.416328e+03 2.000004e-01 1.988622e-01 3.477967e-01 2.520049e+03 2.543946e+03 2.520059e+03 -1.215267e-02 2.482719e+03 2.211487e+03 1.810723e+00
4.138086e-01 2.699743e+03 1.380808e+03 1.908059e-01 1.897209e-01 4.197735e-01 2.468860e+03 2.492270e+03 2.468869e+03 -1.190581e-02 2.432674e+03 2.163848e+03 1.771319e+00
4.191909e-01 2.646698e+03 1.347268e+03 1.821555e-01 1.811205e-01 2.995056e-01 2.419351e+03 2.442293e+03 2.419360e+03 -1.166705e-02 2.384201e+03 2.118316e+03 1.729444e+00
4.245732e-01 2.595420e+03 1.317113e+03 1.740528e-01 1.730642e-01 3.946924e-01 2.371847e+03 2.394338e+03 2.371856e+03 -1.143796e-02 2.337550e+03 2.075572e+03 1.682430e+00
4.299555e-01 2.545985e+03 1.290925e+03 1.664760e-01 1.655305e-01 2.811113e-01 2.326498e+03 2.348560e+03 2.326507e+03 -1.121927e-02 2.292866e+03 2.035854e+03 1.629878e+00
4.353379e-01 2.498336e+03 1.268394e+03 1.593830e-01 1.584774e-01 3.488131e-01 2.283211e+03 2.304862e+03 2.283219e+03 -1.101052e-02 2.250086e+03 1.998891e+03 1.573290e+00
4.407202e-01 2.452302e+03 1.248534e+03 1.527179e-01 1.518498e-01 2.635806e-01 2.241687e+03 2.262945e+03 2.241695e+03 -1.081027e-02 2.208958e+03 1.964024e+03 1.515342e+00
4.461025e-01 2.407707e+03 1.230078e+03 1.464256e-01 1.455928e-01 3.324430e-01 2.201585e+03 2.222462e+03 2.201593e+03 -1.061688e-02 2.169199e+03 1.930491e+03 1.459006e+00
4.514849e-01 2.364428e+03 1.211854e+03 1.404559e-01 1.396566e-01 2.266617e-01 2.162616e+03 2.183124e+03 2.162623e+03 -1.042895e-02 2.130595e+03 1.897658e+03 1.406763e+00
4.568672e-01 2.322351e+03 1.192980e+03 1.347696e-01 1.340025e-01 3.103505e-01 2.124551e+03 2.144697e+03 2.124558e+03 -1.024538e-02 2.092971e+03 1.865077e+03 1.360092e+00
4.622495e-01 2.281333e+03 1.172972e+03 1.293386e-01 1.286023e-01 2.223866e-01 2.087191e+03 2.106984e+03 2.087198e+03 -1.006522e-02 2.056138e+03 1.832474e+03 1.319300e+00
4.676319e-01 2.241258e+03 1.151808e+03 1.241477e-01 1.234411e-01 2.728914e-01 2.050440e+03 2.069884e+03 2.050446e+03 -9.887986e-03 2.019973e+03 1.799820e+03 1.283647e+00
4.730142e-01 2.202114e+03 1.129918e+03 1.191911e-01 1.185129e-01 2.027585e-01 2.014351e+03 2.033454e+03 2.014358e+03 -9.713955e-03 1.984508e+03 1.767365e+03 1.251691e+00
4.783965e-01 2.163963e+03 1.107995e+03 1.144693e-01 1.138182e-01 2.711267e-01 1.979088e+03 1.997855e+03 1.979094e+03 -9.543898e-03 1.949881e+03 1.735522e+03 1.221741e+00
4.837789e-01 2.126850e+03 1.086729e+03 1.099820e-01 1.093566e-01 1.726378e-01 1.944793e+03 1.963236e+03 1.944798e+03 -9.378512e-03 1.916206e+03 1.704662e+03 1.192284e+00
4.891612e-01 2.090766e+03 1.066619e+03 1.057258e-01 1.051248e-01 2.473949e-01 1.911538e+03 1.929665e+03 1.911543e+03 -9.218140e-03 1.883517e+03 1.675000e+03 1.162290e+00
4.945435e-01 2.055685e+03 1.047924e+03 1.016918e-01 1.011138e-01 1.782619e-01 1.879339e+03 1.897161e+03 1.879344e+03 -9.062863e-03 1.851813e+03 1.646615e+03 1.131341e+00
4.999259e-01 2.021597e+03 1.030665e+03 9.786821e-02 9.731187e-02 2.166049e-01 1.848194e+03 1.865720e+03 1.848199e+03 -8.912669e-03 1.821097e+03 1.619486e+03 1.099598e+00
5.053082e-01 1.988494e+03 1.014656e+03 9.423998e-02 9.370418e-02 1.607763e-01 1.818065e+03 1.835306e+03 1.818069e+03 -8.767372e-03 1.791349e+03 1.593489e+03 1.067645e+00
5.106905e-01 1.956324e+03 9.995366e+02 9.079044e-02 9.027413e-02 2.181254e-01 1.788855e+03 1.805818e+03 1.788859e+03 -8.626507e-03 1.762493e+03 1.568404e+03 1.036261e+00
5.160728e-01 1.925000e+03 9.848788e+02 8.750150e-02 8.700378e-02 1.392477e-01 1.760422e+03 1.777116e+03 1.760426e+03 -8.489393e-03 1.734409e+03 1.543966e+03 1.006185e+00
5.214552e-01 1.894439e+03 9.703139e+02 8.435822e-02 8.387831e-02 1.961732e-01 1.732641e+03 1.749071e+03 1.732645e+03 -8.355420e-03 1.706983e+03 1.519955e+03 9.779469e-01
5.268375e-01 1.864594e+03 9.556266e+02 8.134918e-02 8.088635e-02 1.468254e-01 1.705438e+03 1.721611e+03 1.705442e+03 -8.224238e-03 1.680153e+03 1.496251e+03 9.517747e-01
5.322198e-01 1.835451e+03 9.407697e+02 7.846723e-02 7.802081e-02 1.743118e-01 1.678794e+03 1.694714e+03 1.678798e+03 -8.095751e-03 1.653901e+03 1.472842e+03 9.275866e-01
5.376021e-01 1.806989e+03 9.258177e+02 7.570666e-02 7.527599e-02 1.275079e-01 1.652705e+03 1.668378e+03 1.652709e+03 -7.969937e-03 1.628219e+03 1.449770e+03 9.050575e-01
5.429845e-01 1.779180e+03 9.109193e+02 7.306324e-02 7.264766e-02 1.802767e-01 1.627169e+03 1.642599e+03 1.627173e+03 -7.846791e-03 1.603094e+03 1.427106e+03 8.837323e-01
5.483668e-01 1.752005e+03 8.962649e+02 7.053331e-02 7.013218e-02 1.134674e-01 1.602200e+03 1.617394e+03 1.602203e+03 -7.726380e-03 1.578528e+03 1.404936e+03 8.631474e-01
5.537491e-01 1.725473e+03 8.820526e+02 6.811462e-02 6.772729e-02 1.549194e-01 1.577837e+03 1.592800e+03 1.577841e+03 -7.608893e-03 1.554551e+03 1.383360e+03 8.429328e-01
5.591314e-01 1.699600e+03 8.684280e+02 6.580378e-02 6.542961e-02 1.254352e-01 1.554116e+03 1.568854e+03 1.554119e+03 -7.494498e-03 1.531193e+03 1.362452e+03 8.228705e-01
5.645138e-01 1.674374e+03 8.554351e+02 6.359614e-02 6.323453e-02 1.397681e-01 1.531033e+03 1.545552e+03 1.531036e+03 -7.383183e-03 1.508451e+03 1.342219e+03 8.029080e-01
5.698961e-01 1.649756e+03 8.430186e+02 6.148539e-02 6.113576e-02 1.046832e-01 1.508548e+03 1.522854e+03 1.508551e+03 -7.274752e-03 1.486285e+03 1.322601e+03 7.831324e-01
5.752785e-01 1.625714e+03 8.310718e+02 5.946529e-02 5.912711e-02 1.465075e-01 1.486616e+03 1.500714e+03 1.486619e+03 -7.168987e-03 1.464653e+03 1.303519e+03 7.637186e-01
5.806608e-01 1.602230e+03 8.194819e+02 5.752985e-02 5.720266e-02 9.725111e-02 1.465206e+03 1.479101e+03 1.465209e+03 -7.065742e-03 1.443532e+03 1.284905e+03 7.448666e-01
5.860431e-01 1.579296e+03 8.081428e+02 5.567396e-02 5.535730e-02 1.230076e-01 1.444294e+03 1.457991e+03 1.444297e+03 -6.964894e-03 1.422906e+03 1.266704e+03 7.267445e-01
5.914254e-01 1.556881e+03 7.969564e+02 5.389227e-02 5.358573e-02 1.059379e-01 1.423840e+03 1.437342e+03 1.423842e+03 -6.866254e-03 1.402740e+03 1.248855e+03 7.094502e-01
5.968078e-01 1.534946e+03 7.858534e+02 5.218020e-02 5.188340e-02 1.152392e-01 1.403798e+03 1.417111e+03 1.403801e+03 -6.769607e-03 1.382990e+03 1.231306e+03 6.929969e-01
6.021901e-01 1.513466e+03 7.748207e+02 5.053420e-02 5.024677e-02 8.673877e-02 1.384148e+03 1.397274e+03 1.384151e+03 -6.674846e-03 1.363631e+03 1.214040e+03 6.773230e-01
6.075724e-01 1.492442e+03 7.639028e+02 4.895204e-02 4.867361e-02 1.193555e-01 1.364896e+03 1.377840e+03 1.364899e+03 -6.582006e-03 1.344669e+03 1.197085e+03 6.623144e-01
6.129547e-01 1.471878e+03 7.531672e+02 4.743155e-02 4.716179e-02 8.551385e-02 1.346057e+03 1.358823e+03 1.346060e+03 -6.491158e-03 1.326118e+03 1.180482e+03 6.478364e-01
6.183371e-01 1.451763e+03 7.426667e+02 4.597057e-02 4.570913e-02 9.616908e-02 1.327630e+03 1.340220e+03 1.327632e+03 -6.402291e-03 1.307973e+03 1.164250e+03 6.337633e-01
6.237195e-01 1.432073e+03 7.324320e+02 4.456651e-02 4.431307e-02 9.325865e-02 1.309598e+03 1.322017e+03 1.309600e+03 -6.315337e-03 1.290214e+03 1.148388e+03 6.200019e-01
6.291018e-01 1.412797e+03 7.224852e+02 4.321707e-02 4.297130e-02 9.368789e-02 1.291957e+03 1.304209e+03 1.291959e+03 -6.230262e-03 1.272834e+03 1.132898e+03 6.065029e-01
6.553143e-01 1.324646e+03 6.778193e+02 3.734820e-02 3.713579e-02 8.096206e-02 1.211410e+03 1.222898e+03 1.211412e+03 -5.841834e-03 1.193445e+03 1.062447e+03 5.450565e-01
6.710609e-01 1.275802e+03 6.529263e+02 3.430374e-02 3.410864e-02 7.270022e-02 1.166757e+03 1.177822e+03 1.166758e+03 -5.626501e-03 1.149447e+03 1.023309e+03 5.125157e-01
7.173232e-01 1.147552e+03 5.871854e+02 2.700400e-02 2.685043e-02 5.690023e-02 1.049452e+03 1.059405e+03 1.049454e+03 -5.060814e-03 1.033873e+03 9.204065e+02 4.312962e-01
7.667748e-01 1.031643e+03 5.279034e+02 2.124686e-02 2.112603e-02 3.424361e-02 9.434557e+02 9.524031e+02 9.434567e+02 -4.549660e-03 9.294372e+02 8.274576e+02 3.626354e-01
8.196356e-01 9.269303e+02 4.743573e+02 1.670799e-02 1.661297e-02 3.486848e-02 8.476998e+02 8.557391e+02 8.477007e+02 -4.087890e-03 8.350920e+02 7.434962e+02 3.047051e-01
8.761405e-01 8.324005e+02 4.260072e+02 1.313163e-02 1.305695e-02 2.034578e-02 7.612539e+02 7.684734e+02 7.612546e+02 -3.671018e-03 7.499225e+02 6.676916e+02 2.559092e-01
9.365409e-01 7.471293e+02 3.823862e+02 1.031549e-02 1.025683e-02 2.789559e-02 6.832741e+02 6.897540e+02 6.832747e+02 -3.294971e-03 6.730956e+02 5.993070e+02 2.148261e-01
1.001105e+00 6.702596e+02 3.430568e+02 8.099243e-03 8.053184e-03 2.068308e-02 6.129763e+02 6.187895e+02 6.129766e+02 -2.955971e-03 6.038379e+02 5.376562e+02 1.802530e-01
1.070120e+00 6.010120e+02 3.076263e+02 6.356093e-03 6.319947e-03 1.267288e-02 5.496487e+02 5.548615e+02 5.496490e+02 -2.650584e-03 5.414490e+02 4.821182e+02 1.511723e-01
1.143894e+00 5.386597e+02 2.757209e+02 4.985711e-03 4.957358e-03 1.328106e-02 4.926266e+02 4.972986e+02 4.926268e+02 -2.375604e-03 4.852726e+02 4.321082e+02 1.267244e-01
1.222753e+00 4.825627e+02 2.470158e+02 3.909051e-03 3.886821e-03 1.050474e-02 4.413250e+02 4.455104e+02 4.413252e+02 -2.128211e-03 4.347328e+02 3.871142e+02 1.061848e-01
1.307048e+00 4.321187e+02 2.212014e+02 3.063550e-03 3.046129e-03 1.070028e-02 3.951927e+02 3.989407e+02 3.951929e+02 -1.905746e-03 3.892861e+02 3.466530e+02 8.893639e-02
1.397155e+00 3.867787e+02 1.979978e+02 2.399873e-03 2.386226e-03 3.661812e-03 3.537281e+02 3.570828e+02 3.537282e+02 -1.705790e-03 3.484381e+02 3.102849e+02 7.445811e-02
1.493473e+00 3.460563e+02 1.771565e+02 1.879212e-03 1.868525e-03 4.442292e-03 3.164863e+02 3.194878e+02 3.164864e+02 -1.526198e-03 3.117508e+02 2.776201e+02 6.231209e-02
1.596432e+00 3.094965e+02 1.584444e+02 1.470914e-03 1.462549e-03 2.574150e-03 2.830511e+02 2.857355e+02 2.830511e+02 -1.364962e-03 2.788137e+02 2.482935e+02 5.212684e-02
1.706489e+00 2.766920e+02 1.416545e+02 1.150882e-03 1.144337e-03 1.926264e-03 2.530502e+02 2.554501e+02 2.530503e+02 -1.220289e-03 2.492601e+02 2.219788e+02 4.359005e-02
1.824133e+00 2.472711e+02 1.265954e+02 9.001382e-04 8.950197e-04 1.737945e-03 2.261437e+02 2.282884e+02 2.261438e+02 -1.090537e-03 2.227551e+02 1.983779e+02 3.643772e-02
1.949887e+00 2.208970e+02 1.130950e+02 7.037643e-04 6.997623e-04 1.477126e-03 2.020234e+02 2.039394e+02 2.020234e+02 -9.742207e-04 1.989948e+02 1.772206e+02 3.044804e-02
2.084310e+00 1.972666e+02 1.009989e+02 5.500371e-04 5.469095e-04 1.453835e-03 1.804123e+02 1.821234e+02 1.804124e+02 -8.700052e-04 1.777066e+02 1.582640e+02 2.543415e-02
2.228001e+00 1.761030e+02 9.016537e+01 4.297404e-04 4.272968e-04 5.134165e-04 1.610573e+02 1.625847e+02 1.610573e+02 -7.766689e-04 1.586409e+02 1.412861e+02 2.123873e-02
2.381597e+00 1.571568e+02 8.046639e+01 3.356395e-04 3.337310e-04 6.061824e-04 1.437300e+02 1.450931e+02 1.437300e+02 -6.931114e-04 1.415728e+02 1.260868e+02 1.772944e-02
2.545782e+00 1.402034e+02 7.178719e+01 2.620588e-04 2.605686e-04 4.090760e-04 1.282252e+02 1.294413e+02 1.282252e+02 -6.183423e-04 1.262999e+02 1.124859e+02 1.479531e-02
2.721286e+00 1.250397e+02 6.402437e+01 2.045446e-04 2.033815e-04 5.175047e-04 1.143572e+02 1.154418e+02 1.143572e+02 -5.514664e-04 1.126396e+02 1.003208e+02 1.234296e-02
2.908889e+00 1.114811e+02 5.708281e+01 1.596030e-04 1.586954e-04 3.769373e-04 1.019571e+02 1.029240e+02 1.019571e+02 -4.916690e-04 1.004252e+02 8.944309e+01 1.029394e-02
3.109425e+00 9.936321e+01 5.087878e+01 1.244987e-04 1.237908e-04 4.544002e-04 9.087460e+01 9.173644e+01 9.087460e+01 -4.382258e-04 8.950877e+01 7.972124e+01 8.582580e-03
3.323786e+00 8.853679e+01 4.533585e+01 9.708728e-05 9.653523e-05 3.414364e-04 8.097319e+01 8.174113e+01 8.097320e+01 -3.904781e-04 7.975580e+01 7.103535e+01 7.153702e-03
3.552925e+00 7.886745e+01 4.038514e+01 7.568944e-05 7.525906e-05 2.698174e-04 7.212997e+01 7.281405e+01 7.212997e+01 -3.478333e-04 7.104521e+01 6.327768e+01 5.961043e-03
3.797861e+00 7.023489e+01 3.596517e+01 5.899146e-05 5.865603e-05 1.619097e-04 6.423494e+01 6.484414e+01 6.423494e+01 -3.097610e-04 6.326864e+01 5.635173e+01 4.965900e-03
4.059682e+00 6.253043e+01 3.202039e+01 4.596490e-05 4.570355e-05 1.306465e-04 5.718872e+01 5.773110e+01 5.718872e+01 -2.757819e-04 5.632819e+01 5.017036e+01 4.135806e-03
4.339552e+00 5.565653e+01 2.850072e+01 3.580546e-05 3.560188e-05 1.268998e-04 5.090208e+01 5.138483e+01 5.090208e+01 -2.454658e-04 5.013594e+01 4.465530e+01 3.443590e-03
4.638717e+00 4.952576e+01 2.536154e+01 2.788448e-05 2.772593e-05 9.658151e-05 4.529507e+01 4.572464e+01 4.529507e+01 -2.184270e-04 4.461315e+01 3.973640e+01 2.866533e-03
4.958507e+00 4.405930e+01 2.256244e+01 2.171036e-05 2.158691e-05 4.670201e-05 4.029561e+01 4.067777e+01 4.029561e+01 -1.943180e-04 3.968881e+01 3.535048e+01 2.385598e-03
5.300342e+00 3.918686e+01 2.006748e+01 1.689926e-05 1.680317e-05 5.044236e-05 3.583942e+01 3.617932e+01 3.583942e+01 -1.728289e-04 3.529960e+01 3.144112e+01 1.984896e-03
5.665742e+00 3.484500e+01 1.784416e+01 1.315119e-05 1.307642e-05 1.681592e-05 3.186847e+01 3.217071e+01 3.186847e+01 -1.536797e-04 3.138836e+01 2.795743e+01 1.651125e-03
6.056334e+00 3.097716e+01 1.586354e+01 1.023208e-05 1.017390e-05 5.888756e-05 2.833105e+01 2.859974e+01 2.833105e+01 -1.366212e-04 2.790414e+01 2.485405e+01 1.373181e-03
6.473852e+00 2.753248e+01 1.409959e+01 7.959114e-06 7.913861e-06 2.202842e-05 2.518063e+01 2.541944e+01 2.518063e+01 -1.214289e-04 2.480112e+01 2.209017e+01 1.141783e-03
6.920153e+00 2.446556e+01 1.252905e+01 6.189726e-06 6.154534e-06 2.382027e-05 2.237569e+01 2.258791e+01 2.237570e+01 -1.079026e-04 2.203840e+01 1.962937e+01 9.491848e-04
7.397222e+00 2.173563e+01 1.113106e+01 4.812662e-06 4.785300e-06 1.781866e-05 1.987897e+01 2.006750e+01 1.987897e+01 -9.586258e-05 1.957925e+01 1.743895e+01 7.889177e-04
7.907180e+00 1.930635e+01 9.887015e+00 3.741191e-06 3.719921e-06 1.312912e-05 1.765720e+01 1.782466e+01 1.765720e+01 -8.514853e-05 1.739094e+01 1.548974e+01 6.555874e-04
8.452294e+00 1.714509e+01 8.780205e+00 2.907674e-06 2.891143e-06 7.554647e-06 1.568055e+01 1.582927e+01 1.568055e+01 -7.561652e-05 1.544406e+01 1.375557e+01 5.446894e-04
9.034987e+00 1.522279e+01 7.795764e+00 2.259417e-06 2.246572e-06 7.101770e-06 1.392246e+01 1.405450e+01 1.392246e+01 -6.713844e-05 1.371245e+01 1.221313e+01 4.524717e-04
9.657851e+00 1.351342e+01 6.920343e+00 1.755347e-06 1.745368e-06 1.132979e-05 1.235909e+01 1.247630e+01 1.235909e+01 -5.959939e-05 1.217264e+01 1.084153e+01 3.758027e-04
1.032366e+01 1.199373e+01 6.142065e+00 1.363477e-06 1.355726e-06 6.044742e-06 1.096921e+01 1.107325e+01 1.096921e+01 -5.289698e-05 1.080371e+01 9.622121e+00 3.120745e-04
1.103536e+01 1.064301e+01 5.450307e+00 1.058896e-06 1.052876e-06 -4.934887e-07 9.733865e+00 9.826181e+00 9.733865e+00 -4.693974e-05 9.586986e+00 8.538284e+00 2.591136e-04
1.179613e+01 9.442706e+00 4.835574e+00 8.222053e-07 8.175313e-07 5.260206e-06 8.636085e+00 8.717989e+00 8.636085e+00 -4.164590e-05 8.505757e+00 7.575136e+00 2.151090e-04
1.260934e+01 8.376310e+00 4.289419e+00 6.383093e-07 6.346809e-07 2.018002e-06 7.660774e+00 7.733428e+00 7.660774e+00 -3.694265e-05 7.545157e+00 6.719433e+00 1.785532e-04
1.347862e+01 7.429084e+00 3.804288e+00 4.954592e-07 4.926429e-07 3.001190e-06 6.794453e+00 6.858891e+00 6.794453e+00 -3.276498e-05 6.691904e+00 5.959346e+00 1.481909e-04
1.440782e+01 6.587869e+00 3.373446e+00 3.845133e-07 3.823278e-07 1.543318e-06 6.025088e+00 6.082230e+00 6.025088e+00 -2.905486e-05 5.934147e+00 5.284321e+00 1.229769e-04
1.540108e+01 5.840955e+00 2.990897e+00 2.983620e-07 2.966663e-07 -1.046444e-06 5.341968e+00 5.392632e+00 5.341968e+00 -2.576064e-05 5.261336e+00 4.684961e+00 1.020421e-04
1.646282e+01 5.177901e+00 2.651295e+00 2.314762e-07 2.301606e-07 8.964978e-07 4.735545e+00 4.780457e+00 4.735545e+00 -2.283628e-05 4.664067e+00 4.152889e+00 8.466287e-05
1.759775e+01 4.589402e+00 2.349874e+00 1.795564e-07 1.785360e-07 -1.465481e-07 4.197309e+00 4.237117e+00 4.197309e+00 -2.024074e-05 4.133956e+00 3.680638e+00 7.023773e-05
1.881093e+01 4.067169e+00 2.082390e+00 1.392607e-07 1.384693e-07 9.674368e-07 3.719679e+00 3.754956e+00 3.719679e+00 -1.793745e-05 3.663538e+00 3.261560e+00 5.826627e-05
2.010773e+01 3.603825e+00 1.845066e+00 1.079918e-07 1.073782e-07 1.000697e-08 3.295908e+00 3.327166e+00 3.295908e+00 -1.589390e-05 3.246167e+00 2.889734e+00 4.833255e-05
2.149394e+01 3.192801e+00 1.634536e+00 8.373147e-08 8.325575e-08 2.653991e-07 2.919987e+00 2.947680e+00 2.919987e+00 -1.408109e-05 2.875925e+00 2.559889e+00 4.009081e-05
2.297572e+01 2.828251e+00 1.447809e+00 6.491183e-08 6.454307e-08 4.425568e-08 2.586572e+00 2.611103e+00 2.586572e+00 -1.247326e-05 2.547547e+00 2.267336e+00 3.325373e-05
2.455964e+01 2.504976e+00 1.282221e+00 5.031499e-08 5.002919e-08 -4.084962e-08 2.290906e+00 2.312633e+00 2.290906e+00 -1.104746e-05 2.256348e+00 2.007902e+00 2.758259e-05
2.625276e+01 2.218350e+00 1.135402e+00 3.899513e-08 3.877366e-08 -1.367868e-07 2.028757e+00 2.047998e+00 2.028757e+00 -9.783303e-06 1.998162e+00 1.777875e+00 2.287906e-05
2.806260e+01 1.964257e+00 1.005246e+00 3.021788e-08 3.004628e-08 5.368578e-08 1.796365e+00 1.813401e+00 1.796365e+00 -8.662631e-06 1.769282e+00 1.573954e+00 1.897846e-05
2.999722e+01 1.739041e+00 8.898796e-01 2.341311e-08 2.328018e-08 2.144415e-07 1.590382e+00 1.605465e+00 1.590382e+00 -7.669317e-06 1.566413e+00 1.393204e+00 1.574398e-05
3.206520e+01 1.539450e+00 7.876378e-01 1.813830e-08 1.803534e-08 1.773826e-07 1.407835e+00 1.421187e+00 1.407835e+00 -6.789022e-06 1.386627e+00 1.233016e+00 1.306209e-05
3.427574e+01 1.362595e+00 6.970409e-01 1.405004e-08 1.397031e-08 -4.091310e-08 1.246083e+00 1.257901e+00 1.246083e+00 -6.009003e-06 1.227322e+00 1.091073e+00 1.083853e-05
3.663868e+01 1.205909e+00 6.167741e-01 1.088185e-08 1.082012e-08 -5.192409e-08 1.102777e+00 1.113236e+00 1.102777e+00 -5.317937e-06 1.086184e+00 9.653136e-01 8.995055e-06
3.916452e+01 1.067112e+00 5.456698e-01 8.427002e-09 8.379206e-09 7.261919e-08 9.758328e-01 9.850876e-01 9.758328e-01 -4.705771e-06 9.611596e-01 8.539090e-01 7.466760e-06
4.186449e+01 9.441790e-01 4.826908e-01 6.525128e-09 6.488132e-09 1.034065e-07 8.633969e-01 8.715854e-01 8.633969e-01 -4.163570e-06 8.504253e-01 7.552340e-01 6.199779e-06
4.475059e+01 8.353109e-01 4.269159e-01 5.051858e-09 5.023226e-09 1.132718e-08 7.638249e-01 7.710690e-01 7.638249e-01 -3.683402e-06 7.523605e-01 6.678455e-01 5.149431e-06
4.783565e+01 7.389119e-01 3.775276e-01 3.910748e-09 3.888594e-09 6.155627e-08 6.756570e-01 6.820650e-01 6.756570e-01 -3.258229e-06 6.655274e-01 5.904629e-01 4.278659e-06
5.113340e+01 6.535651e-01 3.338003e-01 3.027024e-09 3.009885e-09 -1.243971e-08 5.975974e-01 6.032650e-01 5.975974e-01 -2.881801e-06 5.886498e-01 5.219491e-01 3.556729e-06
5.465849e+01 5.780129e-01 2.950898e-01 2.342713e-09 2.329456e-09 -3.178086e-08 5.284958e-01 5.335081e-01 5.284958e-01 -2.548572e-06 5.205949e-01 4.612950e-01 2.958156e-06
5.842660e+01 5.111398e-01 2.608249e-01 1.812884e-09 1.802632e-09 6.384470e-10 4.673322e-01 4.717644e-01 4.673322e-01 -2.253622e-06 4.603578e-01 4.076056e-01 2.461814e-06
6.245448e+01 4.519559e-01 2.304985e-01 1.402711e-09 1.394785e-09 4.250561e-09 4.132011e-01 4.171199e-01 4.132011e-01 -1.992585e-06 4.070469e-01 3.600865e-01 2.050186e-06
6.676003e+01 3.995835e-01 2.036611e-01 1.085211e-09 1.079084e-09 7.863521e-09 3.652997e-01 3.687642e-01 3.652997e-01 -1.761589e-06 3.598717e-01 3.180336e-01 1.708756e-06
7.136241e+01 3.532441e-01 1.799141e-01 8.394738e-10 8.347395e-10 1.820738e-08 3.229162e-01 3.259787e-01 3.229162e-01 -1.557203e-06 3.181307e-01 2.808221e-01 1.425492e-06
7.628207e+01 3.122475e-01 1.589037e-01 6.493022e-10 6.456446e-10 7.953768e-10 2.854190e-01 2.881260e-01 2.854190e-01 -1.376380e-06 2.812023e-01 2.478981e-01 1.190424e-06
8.154089e+01 2.759818e-01 1.403167e-01 5.021491e-10 4.993242e-10 -7.051322e-10 2.522489e-01 2.546412e-01 2.522489e-01 -1.216423e-06 2.485354e-01 2.187708e-01 9.952890e-07
8.716224e+01 2.439047e-01 1.238753e-01 3.882967e-10 3.861156e-10 -2.738116e-09 2.229096e-01 2.250236e-01 2.229096e-01 -1.074940e-06 2.196413e-01 1.930049e-01 8.332432e-07
9.317113e+01 2.155354e-01 1.093333e-01 3.002194e-10 2.985360e-10 4.440501e-10 1.969614e-01 1.988294e-01 1.969614e-01 -9.498095e-07 1.940871e-01 1.702148e-01 6.986155e-07
9.959426e+01 1.904480e-01 9.647244e-02 2.320900e-10 2.307912e-10 1.898764e-10 1.740150e-01 1.756653e-01 1.740150e-01 -8.391547e-07 1.714892e-01 1.500587e-01 5.867082e-07
1.064602e+02 1.682653e-01 8.509959e-02 1.793970e-10 1.783953e-10 -1.576921e-09 1.537251e-01 1.551830e-01 1.537251e-01 -7.413105e-07 1.515076e-01 1.322339e-01 4.936303e-07
1.137995e+02 1.486528e-01 7.504349e-02 1.386477e-10 1.378755e-10 4.991306e-11 1.357860e-01 1.370738e-01 1.357860e-01 -6.548027e-07 1.338412e-01 1.164722e-01 4.161587e-07
1.216447e+02 1.313146e-01 6.615251e-02 1.071387e-10 1.065438e-10 8.470088e-10 1.199270e-01 1.210644e-01 1.199270e-01 -5.783256e-07 1.182234e-01 1.025361e-01 3.516239e-07
1.300308e+02 1.159885e-01 5.829238e-02 8.277778e-11 8.231969e-11 -2.174879e-09 1.059083e-01 1.069127e-01 1.059083e-01 -5.107228e-07 1.044179e-01 9.021535e-02 2.978148e-07
1.389950e+02 1.024422e-01 5.134419e-02 6.394566e-11 6.359315e-11 1.246259e-09 9.351741e-02 9.440432e-02 9.351741e-02 -4.509701e-07 9.221571e-02 7.932360e-02 2.529005e-07
1.485772e+02 9.047022e-02 4.520267e-02 4.938948e-11 4.911841e-11 1.340684e-09 8.256643e-02 8.334948e-02 8.256643e-02 -3.981611e-07 8.143153e-02 6.969606e-02 2.153640e-07
1.588200e+02 7.989057e-02 3.977466e-02 3.813987e-11 3.793160e-11 -6.551405e-11 7.288893e-02 7.358021e-02 7.288893e-02 -3.514932e-07 7.190152e-02 6.118686e-02 1.839493e-07
1.697689e+02 7.054218e-02 3.497768e-02 2.944693e-11 2.928706e-11 7.702073e-10 6.433758e-02 6.494776e-02 6.433758e-02 -3.102559e-07 6.348058e-02 5.366686e-02 1.576159e-07
1.814726e+02 6.228250e-02 3.073878e-02 2.273061e-11 2.260802e-11 1.189355e-09 5.678204e-02 5.732056e-02 5.678204e-02 -2.738207e-07 5.604031e-02 4.702186e-02 1.355019e-07
1.939831e+02 5.498538e-02 2.699338e-02 1.754224e-11 1.744835e-11 -4.784879e-10 5.010693e-02 5.058214e-02 5.010693e-02 -2.416313e-07 4.946708e-02 4.115081e-02 1.168933e-07
2.073562e+02 4.853921e-02 2.368436e-02 1.353488e-11 1.346307e-11 -2.608101e-10 4.421017e-02 4.462946e-02 4.421017e-02 -2.131953e-07 4.366037e-02 3.596435e-02 1.011985e-07
2.216511e+02 4.284525e-02 2.076122e-02 1.044024e-11 1.038539e-11 -4.006814e-11 3.900147e-02 3.937136e-02 3.900147e-02 -1.880773e-07 3.853123e-02 3.138349e-02 8.792717e-08
2.369315e+02 3.781614e-02 1.817929e-02 8.050868e-12 8.009057e-12 -1.468096e-10 3.440094e-02 3.472720e-02 3.440094e-02 -1.658921e-07 3.400096e-02 2.733841e-02 7.667309e-08
2.532654e+02 3.337462e-02 1.589908e-02 6.206409e-12 6.174596e-12 -2.221810e-10 3.033793e-02 3.062566e-02 3.033793e-02 -1.462990e-07 3.000000e-02 2.376740e-02 6.709935e-08
2.707253e+02 2.945235e-02 1.388568e-02 4.782896e-12 4.758746e-12 1.861966e-10 2.674996e-02 2.700366e-02 2.674996e-02 -1.289967e-07 2.646679e-02 2.061599e-02 5.892659e-08
2.893888e+02 2.598890e-02 1.210826e-02 3.684518e-12 3.666233e-12 -7.934153e-11 2.358178e-02 2.380543e-02 2.358178e-02 -1.137187e-07 2.334690e-02 1.783606e-02 5.192308e-08
3.093391e+02 2.293085e-02 1.053956e-02 2.837230e-12 2.823426e-12 2.862143e-11 2.078454e-02 2.098166e-02 2.078454e-02 -1.002295e-07 2.059220e-02 1.538518e-02 4.589653e-08
3.306646e+02 2.023096e-02 9.155535e-03 2.183816e-12 2.173431e-12 -3.166626e-11 1.831505e-02 1.848876e-02 1.831505e-02 -8.832092e-08 1.816016e-02 1.322590e-02 4.068736e-08
3.534603e+02 1.784745e-02 7.934944e-03 1.680071e-12 1.672288e-12 -3.464736e-11 1.613515e-02 1.628818e-02 1.613515e-02 -7.780874e-08 1.601317e-02 1.132524e-02 3.616302e-08
3.778275e+02 1.574342e-02 6.859050e-03 1.291846e-12 1.286039e-12 3.576985e-11 1.421110e-02 1.434588e-02 1.421110e-02 -6.853035e-08 1.411797e-02 9.654152e-03 3.221346e-08
4.038747e+02 1.388623e-02 5.911331e-03 9.927624e-13 9.884531e-13 -1.492461e-12 1.251308e-02 1.263175e-02 1.251308e-02 -6.034196e-08 1.244519e-02 8.187062e-03 2.874726e-08
4.317174e+02 1.224705e-02 5.077224e-03 7.624509e-13 7.592718e-13 -3.543994e-12 1.101475e-02 1.111921e-02 1.101475e-02 -5.311657e-08 1.096885e-02 6.901489e-03 2.568847e-08
4.614796e+02 1.080041e-02 4.343899e-03 5.851812e-13 5.828520e-13 2.707286e-11 9.692848e-03 9.784775e-03 9.692848e-03 -4.674194e-08 9.666030e-03 5.777677e-03 2.297407e-08
4.932936e+02 9.523768e-03 3.700064e-03 4.488095e-13 4.471165e-13 4.825515e-13 8.526812e-03 8.607681e-03 8.526812e-03 -4.111895e-08 8.516445e-03 4.798270e-03 2.055176e-08
5.273008e+02 8.397252e-03 3.135782e-03 3.439617e-13 3.427427e-13 6.628041e-12 7.498489e-03 7.569605e-03 7.498489e-03 -3.616006e-08 7.502190e-03 3.948023e-03 1.837825e-08
5.636525e+02 7.403280e-03 2.642309e-03 2.634036e-13 2.625351e-13 -5.535098e-12 6.591846e-03 6.654363e-03 6.591846e-03 -3.178794e-08 6.607450e-03 3.213528e-03 1.641781e-08
6.025102e+02 6.526329e-03 2.211958e-03 2.015528e-13 2.009420e-13 -1.003582e-11 5.792725e-03 5.847663e-03 5.792725e-03 -2.793433e-08 5.818252e-03 2.582973e-03 1.464105e-08
6.440467e+02 5.752686e-03 1.837963e-03 1.541034e-13 1.536799e-13 1.395802e-11 5.088626e-03 5.136887e-03 5.088626e-03 -2.453894e-08 5.122260e-03 2.045904e-03 1.302399e-08
6.884467e+02 5.070241e-03 1.514361e-03 1.177341e-13 1.174455e-13 -2.688448e-12 4.468510e-03 4.510890e-03 4.468510e-03 -2.154855e-08 4.508578e-03 1.593008e-03 1.154723e-08
7.359076e+02 4.468301e-03 1.235881e-03 8.988426e-14 8.969150e-14 4.294983e-12 3.922628e-03 3.959830e-03 3.922628e-03 -1.891614e-08 3.967585e-03 1.215898e-03 1.019531e-08
7.866404e+02 3.937420e-03 9.978476e-04 6.858009e-14 6.845426e-14 -2.733645e-12 3.442368e-03 3.475015e-03 3.442368e-03 -1.660017e-08 3.490786e-03 9.069123e-04 8.956119e-09
8.408707e+02 3.469259e-03 7.960785e-04 5.230068e-14 5.222067e-14 1.337039e-12 3.020116e-03 3.048759e-03 3.020116e-03 -1.456394e-08 3.070680e-03 6.589152e-04 7.820426e-09
8.988395e+02 3.056457e-03 6.267983e-04 3.987459e-14 3.982516e-14 -1.046160e-12 2.649139e-03 2.674263e-03 2.649139e-03 -1.277497e-08 2.700640e-03 4.651148e-04 6.781443e-09
9.608047e+02 2.692511e-03 4.865531e-04 3.040000e-14 3.037035e-14 -6.633912e-13 2.323471e-03 2.345507e-03 2.323471e-03 -1.120450e-08 2.374814e-03 3.188949e-04 5.834392e-09
1.027042e+03 2.371683e-03 3.721325e-04 2.318304e-14 2.316565e-14 -5.642660e-13 2.037821e-03 2.057147e-03 2.037821e-03 -9.827007e-09 2.088029e-03 2.136769e-04 4.976086e-09
1.097845e+03 2.088906e-03 2.805001e-04 1.769027e-14 1.768010e-14 2.196215e-12 1.787485e-03 1.804437e-03 1.787485e-03 -8.619810e-09 1.835713e-03 1.428254e-04 4.204474e-09
1.173530e+03 1.839703e-03 2.087354e-04 1.351202e-14 1.350581e-14 -5.825139e-13 1.568273e-03 1.583147e-03 1.568273e-03 -7.562703e-09 1.613817e-03 9.961606e-05 3.518149e-09
1.254432e+03 1.620126e-03 1.539930e-04 1.033409e-14 1.032987e-14 -1.541516e-12 1.376444e-03 1.389498e-03 1.376444e-03 -6.637643e-09 1.418759e-03 7.728812e-05 2.915808e-09
1.340911e+03 1.426682e-03 1.134830e-04 7.915951e-15 7.912646e-15 1.230401e-12 1.208649e-03 1.220112e-03 1.208649e-03 -5.828482e-09 1.247360e-03 6.919882e-05 2.395683e-09
1.433352e+03 1.256290e-03 8.447967e-05 6.073931e-15 6.071043e-15 2.386958e-13 1.061890e-03 1.071961e-03 1.061890e-03 -5.120763e-09 1.096801e-03 6.909101e-05 1.954980e-09
1.532166e+03 1.106225e-03 6.436148e-05 4.668219e-15 4.665605e-15 3.628676e-13 9.334835e-04 9.423367e-04 9.334835e-04 -4.501549e-09 9.645778e-04 7.146400e-05 1.589372e-09
1.637792e+03 9.740802e-04 5.068440e-05 3.592811e-15 3.590506e-15 1.076769e-12 8.210402e-04 8.288270e-04 8.210402e-04 -3.959312e-09 8.484667e-04 7.200860e-05 1.292659e-09
1.750700e+03 8.577269e-04 4.128183e-05 2.767698e-15 2.765792e-15 -2.545729e-13 7.224457e-04 7.292973e-04 7.224457e-04 -3.483859e-09 7.464940e-04 6.802681e-05 1.056676e-09
1.871392e+03 7.552850e-04 3.437698e-05 2.132768e-15 2.131329e-15 2.271554e-13 6.358533e-04 6.418838e-04 6.358533e-04 -3.066283e-09 6.569122e-04 5.871569e-05 8.715731e-10
2.000404e+03 6.650931e-04 2.868226e-05 1.643019e-15 1.642050e-15 -7.879625e-14 5.596755e-04 5.649835e-04 5.596755e-04 -2.698930e-09 5.781796e-04 4.517032e-05 7.265103e-10
2.138310e+03 5.856843e-04 2.345274e-05 1.264776e-15 1.264213e-15 3.655341e-14 4.925718e-04 4.972434e-04 4.925718e-04 -2.375335e-09 5.089439e-04 2.997975e-05 6.107410e-10
2.285724e+03 5.157653e-04 1.846010e-05 9.727276e-16 9.724584e-16 -2.458240e-13 4.334268e-04 4.375375e-04 4.334268e-04 -2.090120e-09 4.480259e-04 1.638040e-05 5.149063e-10
2.443299e+03 4.541969e-04 1.386741e-05 7.476284e-16 7.475262e-16 2.564130e-13 3.813152e-04 3.849316e-04 3.813152e-04 -1.838821e-09 3.944034e-04 7.104712e-06 4.322094e-10
2.611738e+03 3.999775e-04 1.001596e-05 5.745898e-16 5.745485e-16 -1.941152e-13 3.354538e-04 3.386353e-04 3.354538e-04 -1.617663e-09 3.471933e-04 3.282157e-06 3.590389e-10
2.791789e+03 3.522270e-04 7.179206e-06 4.418841e-16 4.418410e-16 -1.375828e-13 2.951506e-04 2.979499e-04 2.951506e-04 -1.423309e-09 3.056307e-04 3.904800e-06 2.946828e-10
2.984252e+03 3.101727e-04 5.375617e-06 3.401840e-16 3.401234e-16 2.190226e-13 2.597635e-04 2.622271e-04 2.597635e-04 -1.252661e-09 2.690475e-04 6.291792e-06 2.400720e-10
3.189984e+03 2.731353e-04 4.332507e-06 2.621213e-16 2.620576e-16 -2.002299e-14 2.286829e-04 2.308517e-04 2.286829e-04 -1.102780e-09 2.368539e-04 7.545433e-06 1.960001e-10
3.409899e+03 2.405172e-04 3.630643e-06 2.020129e-16 2.019665e-16 -7.830959e-14 2.013446e-04 2.032541e-04 2.013446e-04 -9.709464e-10 2.085239e-04 6.281288e-06 1.617170e-10
3.644974e+03 2.117915e-04 2.946630e-06 1.556110e-16 1.555889e-16 3.143499e-14 1.772584e-04 1.789395e-04 1.772584e-04 -8.547953e-10 1.835887e-04 3.409586e-06 1.347829e-10
3.896255e+03 1.864937e-04 2.218216e-06 1.197928e-16 1.197864e-16 1.088271e-13 1.560268e-04 1.575065e-04 1.560268e-04 -7.524099e-10 1.616351e-04 1.128650e-06 1.123233e-10
4.164860e+03 1.642144e-04 1.591020e-06 9.221331e-17 9.220955e-17 -9.292882e-15 1.373307e-04 1.386332e-04 1.373307e-04 -6.622517e-10 1.423035e-04 7.604107e-07 9.266443e-11
4.451981e+03 1.445933e-04 1.192997e-06 7.102189e-17 7.101535e-17 -7.645541e-14 1.208894e-04 1.220359e-04 1.208894e-04 -5.829666e-10 1.252819e-04 1.509066e-06 7.580483e-11
6.289314e+03 7.478533e-05 2.821002e-07 1.833125e-17 1.833291e-17 0.000000e+00 6.242222e-05 6.301422e-05 6.242222e-05 0.000000e+00 6.474517e-05 2.378323e-07 2.840263e-11
8.884912e+03 3.867984e-05 6.670642e-08 4.731417e-18 4.732712e-18 0.000000e+00 3.223220e-05 3.253789e-05 3.223220e-05 0.000000e+00 3.346003e-05 3.748294e-08 1.064193e-11
1.255171e+04 2.000566e-05 1.577364e-08 1.221210e-18 1.221768e-18 0.000000e+00 1.664335e-05 1.680119e-05 1.664335e-05 0.000000e+00 1.729200e-05 5.907400e-09 3.987329e-12
1.773180e+04 1.034716e-05 3.729890e-09 3.152026e-19 3.154041e-19 0.000000e+00 8.593926e-06 8.675429e-06 8.593926e-06 0.000000e+00 8.936432e-06 9.310203e-10 1.493976e-12
2.504972e+04 5.351672e-06 8.819832e-10 8.135590e-20 8.142281e-20 0.000000e+00 4.437541e-06 4.479626e-06 4.437541e-06 0.000000e+00 4.618310e-06 1.467310e-10 5.597647e-13
3.538773e+04 2.767947e-06 2.085569e-10 2.099850e-20 2.101961e-20 0.000000e+00 2.291359e-06 2.313090e-06 2.291359e-06 0.000000e+00 2.386723e-06 2.312516e-11 2.097332e-13
4.999224e+04 1.431614e-06 4.931610e-11 5.419853e-21 5.426295e-21 0.000000e+00 1.183161e-06 1.194382e-06 1.183161e-06 0.000000e+00 1.233448e-06 3.644579e-12 7.858306e-14
7.062402e+04 7.404474e-07 1.166146e-11 1.398900e-21 1.400819e-21 0.000000e+00 6.109347e-07 6.167287e-07 6.109347e-07 0.000000e+00 6.374408e-07 5.743944e-13 2.944358e-14
9.977054e+04 3.829680e-07 2.757511e-12 3.610656e-22 3.616269e-22 0.000000e+00 3.154609e-07 3.184527e-07 3.154609e-07 0.000000e+00 3.294267e-07 9.052592e-14 1.103195e-14
1.409458e+05 1.980755e-07 6.520508e-13 9.319343e-23 9.335540e-23 0.000000e+00 1.628907e-07 1.644356e-07 1.628907e-07 0.000000e+00 1.702463e-07 1.426710e-14 4.133463e-15
1.991141e+05 1.024469e-07 1.541863e-13 2.405385e-23 2.410006e-23 0.000000e+00 8.410992e-08 8.490760e-08 8.410992e-08 0.000000e+00 8.798256e-08 2.248529e-15 1.548730e-15
2.812885e+05 5.298675e-08 3.645943e-14 6.208459e-24 6.221524e-24 0.000000e+00 4.343082e-08 4.384271e-08 4.343082e-08 0.000000e+00 4.546901e-08 3.543735e-16 5.802799e-16
3.973762e+05 2.740536e-08 8.621327e-15 1.602445e-24 1.606111e-24 0.000000e+00 2.242584e-08 2.263853e-08 2.242584e-08 0.000000e+00 2.349819e-08 5.585011e-17 2.174199e-16
5.613733e+05 1.417437e-08 2.038630e-15 4.136017e-25 4.146237e-25 0.000000e+00 1.157976e-08 1.168958e-08 1.157976e-08 0.000000e+00 1.214377e-08 8.802110e-18 8.146311e-17
7.930519e+05 7.331149e-09 4.820616e-16 1.067534e-25 1.070367e-25 0.000000e+00 5.979301e-09 6.036007e-09 5.979301e-09 0.000000e+00 6.275846e-09 1.387233e-18 3.052268e-17
1.120344e+06 3.791755e-09 1.139900e-16 2.755376e-26 2.763195e-26 0.000000e+00 3.087459e-09 3.116740e-09 3.087459e-09 0.000000e+00 3.243331e-09 2.186313e-19 1.143627e-17
1.582710e+06 1.961140e-09 2.695448e-17 7.111809e-27 7.133295e-27 0.000000e+00 1.594234e-09 1.609353e-09 1.594234e-09 0.000000e+00 1.676139e-09 3.445681e-20 4.284954e-18
2.235894e+06 1.014324e-09 6.373753e-18 1.835606e-27 1.841488e-27 0.000000e+00 8.231951e-10 8.310022e-10 8.231951e-10 0.000000e+00 8.662217e-10 5.430475e-21 1.605491e-18
3.158648e+06 5.246203e-10 1.507160e-18 4.737821e-28 4.753873e-28 0.000000e+00 4.250633e-10 4.290945e-10 4.250633e-10 0.000000e+00 4.476597e-10 8.558558e-22 6.015471e-19
4.462221e+06 2.713397e-10 3.563885e-19 1.222863e-28 1.227231e-28 0.000000e+00 2.194848e-10 2.215663e-10 2.194848e-10 0.000000e+00 2.313486e-10 1.348849e-22 2.253883e-19
6.303778e+06 1.403401e-10 8.427289e-20 3.156292e-29 3.168144e-29 0.000000e+00 1.133327e-10 1.144075e-10 1.133327e-10 0.000000e+00 1.195600e-10 2.125818e-23 8.444872e-20
8.905346e+06 7.258550e-11 1.992747e-20 8.146600e-30 8.178687e-30 0.000000e+00 5.852023e-11 5.907522e-11 5.852023e-11 0.000000e+00 6.178809e-11 3.350340e-24 3.164134e-20
1.258058e+07 3.754206e-11 4.712120e-21 2.102692e-30 2.111360e-30 0.000000e+00 3.021738e-11 3.050396e-11 3.021738e-11 0.000000e+00 3.193182e-11 5.280216e-25 1.185541e-20
1.777258e+07 1.941719e-11 1.114245e-21 5.427189e-31 5.450558e-31 0.000000e+00 1.560298e-11 1.575096e-11 1.560298e-11 0.000000e+00 1.650223e-11 8.321745e-26 4.441997e-21
2.510733e+07 1.004280e-11 2.634783e-22 1.400794e-31 1.407083e-31 0.000000e+00 8.056722e-12 8.133131e-12 8.056722e-12 0.000000e+00 8.528281e-12 1.311527e-26 1.664332e-21
3.546911e+07 5.194251e-12 6.230301e-23 3.615542e-32 3.632439e-32 0.000000e+00 4.160152e-12 4.199606e-12 4.160152e-12 0.000000e+00 4.407379e-12 2.066997e-27 6.235937e-22
5.010721e+07 2.686527e-12 1.473239e-23 9.331956e-33 9.377282e-33 0.000000e+00 2.148127e-12 2.168500e-12 2.148127e-12 0.000000e+00 2.277715e-12 3.257637e-28 2.336487e-22
7.078645e+07 1.389503e-12 3.483674e-24 2.408640e-33 2.420782e-33 0.000000e+00 1.109202e-12 1.119722e-12 1.109202e-12 0.000000e+00 1.177113e-12 5.134114e-29 8.754375e-23
1.000000e+08 7.186670e-13 8.237619e-25 6.216862e-34 6.249342e-34 0.000000e+00 5.727454e-13 5.781772e-13 5.727454e-13 0.000000e+00 6.083271e-13 8.091485e-30 3.280098e-23
