# z=70.0
# H0:67.4 omega_m:0.314885968880016 omega_b:0.049309230511847414 omega_nu:0.0014201463404145906 w:-1.0 wa:0.0 sigma8(z=0):0.03365144806932789
# koh d_cdm d_b d_gamma d_neutrino d_nu d_tot d_nonu d_tot_de Weyl v_newt_cdm v_newt_b v_b_cdm
1.048503e-05 3.410242e+05 3.410242e+05 4.546960e+05 4.546958e+05 3.752808e+05 3.412114e+05 3.410242e+05 3.493581e+05 -6.035137e-01 3.396344e+05 3.396343e+05 2.803240e-01
1.157745e-05 3.410242e+05 3.410242e+05 4.546954e+05 4.546951e+05 3.752804e+05 3.412113e+05 3.410242e+05 3.493581e+05 -6.035136e-01 3.396343e+05 3.396343e+05 3.095305e-01
1.278368e-05 3.410242e+05 3.410242e+05 4.546945e+05 4.546942e+05 3.752799e+05 3.412113e+05 3.410242e+05 3.493580e+05 -6.035135e-01 3.396343e+05 3.396343e+05 3.417799e-01
1.411559e-05 3.410242e+05 3.410242e+05 4.546935e+05 4.546931e+05 3.752793e+05 3.412113e+05 3.410242e+05 3.493580e+05 -6.035134e-01 3.396343e+05 3.396343e+05 3.773894e-01
1.558627e-05 3.410241e+05 3.410241e+05 4.546923e+05 4.546917e+05 3.752786e+05 3.412112e+05 3.410241e+05 3.493579e+05 -6.035132e-01 3.396342e+05 3.396342e+05 4.167089e-01
1.721018e-05 3.410241e+05 3.410240e+05 4.546908e+05 4.546902e+05 3.752776e+05 3.412112e+05 3.410241e+05 3.493578e+05 -6.035131e-01 3.396342e+05 3.396342e+05 4.601250e-01
1.900328e-05 3.410240e+05 3.410240e+05 4.546889e+05 4.546881e+05 3.752766e+05 3.412111e+05 3.410240e+05 3.493577e+05 -6.035129e-01 3.396341e+05 3.396341e+05 5.080644e-01
2.098320e-05 3.410239e+05 3.410239e+05 4.546867e+05 4.546857e+05 3.752752e+05 3.412110e+05 3.410239e+05 3.493576e+05 -6.035127e-01 3.396340e+05 3.396340e+05 5.609987e-01
2.316941e-05 3.410238e+05 3.410238e+05 4.546840e+05 4.546828e+05 3.752736e+05 3.412109e+05 3.410238e+05 3.493574e+05 -6.035124e-01 3.396339e+05 3.396339e+05 6.194479e-01
2.558339e-05 3.410237e+05 3.410237e+05 4.546807e+05 4.546792e+05 3.752716e+05 3.412108e+05 3.410237e+05 3.493572e+05 -6.035120e-01 3.396338e+05 3.396338e+05 6.839868e-01
2.824888e-05 3.410236e+05 3.410235e+05 4.546766e+05 4.546748e+05 3.752692e+05 3.412106e+05 3.410236e+05 3.493570e+05 -6.035116e-01 3.396337e+05 3.396337e+05 7.552498e-01
3.119209e-05 3.410234e+05 3.410233e+05 4.546717e+05 4.546695e+05 3.752662e+05 3.412104e+05 3.410234e+05 3.493567e+05 -6.035111e-01 3.396335e+05 3.396335e+05 8.339373e-01
3.444194e-05 3.410232e+05 3.410231e+05 4.546657e+05 4.546630e+05 3.752626e+05 3.412102e+05 3.410232e+05 3.493564e+05 -6.035105e-01 3.396333e+05 3.396332e+05 9.208230e-01
3.803039e-05 3.410229e+05 3.410228e+05 4.546583e+05 4.546551e+05 3.752582e+05 3.412099e+05 3.410229e+05 3.493560e+05 -6.035097e-01 3.396330e+05 3.396330e+05 1.016761e+00
4.199271e-05 3.410226e+05 3.410224e+05 4.546494e+05 4.546455e+05 3.752528e+05 3.412096e+05 3.410226e+05 3.493555e+05 -6.035088e-01 3.396327e+05 3.396327e+05 1.122694e+00
4.636787e-05 3.410222e+05 3.410221e+05 4.546385e+05 4.546337e+05 3.752463e+05 3.412092e+05 3.410222e+05 3.493548e+05 -6.035077e-01 3.396323e+05 3.396323e+05 1.239663e+00
5.119886e-05 3.410218e+05 3.410215e+05 4.546252e+05 4.546194e+05 3.752383e+05 3.412086e+05 3.410217e+05 3.493541e+05 -6.035063e-01 3.396318e+05 3.396318e+05 1.368819e+00
5.653318e-05 3.410212e+05 3.410209e+05 4.546090e+05 4.546019e+05 3.752286e+05 3.412080e+05 3.410212e+05 3.493532e+05 -6.035047e-01 3.396312e+05 3.396312e+05 1.511429e+00
6.242328e-05 3.410205e+05 3.410202e+05 4.545892e+05 4.545806e+05 3.752167e+05 3.412072e+05 3.410205e+05 3.493520e+05 -6.035026e-01 3.396306e+05 3.396305e+05 1.668897e+00
6.892706e-05 3.410197e+05 3.410192e+05 4.545651e+05 4.545546e+05 3.752022e+05 3.412063e+05 3.410196e+05 3.493507e+05 -6.035001e-01 3.396297e+05 3.396297e+05 1.842769e+00
7.610846e-05 3.410186e+05 3.410181e+05 4.545358e+05 4.545229e+05 3.751846e+05 3.412052e+05 3.410185e+05 3.493490e+05 -6.034970e-01 3.396287e+05 3.396286e+05 2.034755e+00
8.403807e-05 3.410173e+05 3.410168e+05 4.544999e+05 4.544842e+05 3.751632e+05 3.412038e+05 3.410172e+05 3.493469e+05 -6.034933e-01 3.396274e+05 3.396273e+05 2.246739e+00
9.279386e-05 3.410158e+05 3.410151e+05 4.544562e+05 4.544372e+05 3.751369e+05 3.412021e+05 3.410157e+05 3.493444e+05 -6.034887e-01 3.396259e+05 3.396258e+05 2.480805e+00
1.024619e-04 3.410140e+05 3.410131e+05 4.544030e+05 4.543797e+05 3.751050e+05 3.412001e+05 3.410138e+05 3.493414e+05 -6.034832e-01 3.396240e+05 3.396238e+05 2.739251e+00
1.131372e-04 3.410117e+05 3.410106e+05 4.543381e+05 4.543098e+05 3.750661e+05 3.411976e+05 3.410115e+05 3.493377e+05 -6.034765e-01 3.396217e+05 3.396215e+05 3.024617e+00
1.249248e-04 3.410089e+05 3.410076e+05 4.542590e+05 4.542244e+05 3.750186e+05 3.411945e+05 3.410087e+05 3.493332e+05 -6.034682e-01 3.396189e+05 3.396187e+05 3.339702e+00
1.379405e-04 3.410055e+05 3.410039e+05 4.541625e+05 4.541204e+05 3.749608e+05 3.411908e+05 3.410052e+05 3.493277e+05 -6.034582e-01 3.396155e+05 3.396152e+05 3.687601e+00
1.523123e-04 3.410014e+05 3.409995e+05 4.540450e+05 4.539936e+05 3.748902e+05 3.411862e+05 3.410011e+05 3.493210e+05 -6.034460e-01 3.396113e+05 3.396109e+05 4.071726e+00
1.681815e-04 3.409963e+05 3.409940e+05 4.539017e+05 4.538391e+05 3.748043e+05 3.411807e+05 3.409960e+05 3.493128e+05 -6.034310e-01 3.396062e+05 3.396058e+05 4.495845e+00
1.857041e-04 3.409902e+05 3.409874e+05 4.537271e+05 4.536507e+05 3.746995e+05 3.411739e+05 3.409898e+05 3.493029e+05 -6.034129e-01 3.396001e+05 3.395995e+05 4.964115e+00
2.050523e-04 3.409827e+05 3.409793e+05 4.535142e+05 4.534211e+05 3.745718e+05 3.411657e+05 3.409822e+05 3.492907e+05 -6.033908e-01 3.395926e+05 3.395918e+05 5.481123e+00
2.264163e-04 3.409736e+05 3.409694e+05 4.532548e+05 4.531414e+05 3.744161e+05 3.411557e+05 3.409730e+05 3.492759e+05 -6.033638e-01 3.395833e+05 3.395825e+05 6.051929e+00
2.500063e-04 3.409625e+05 3.409573e+05 4.529387e+05 4.528006e+05 3.742264e+05 3.411434e+05 3.409617e+05 3.492579e+05 -6.033309e-01 3.395722e+05 3.395711e+05 6.682116e+00
2.760540e-04 3.409489e+05 3.409427e+05 4.525535e+05 4.523853e+05 3.739953e+05 3.411285e+05 3.409479e+05 3.492359e+05 -6.032907e-01 3.395585e+05 3.395572e+05 7.377840e+00
3.048156e-04 3.409324e+05 3.409248e+05 4.520843e+05 4.518794e+05 3.737137e+05 3.411103e+05 3.409312e+05 3.492091e+05 -6.032419e-01 3.395418e+05 3.395403e+05 8.145884e+00
3.365739e-04 3.409123e+05 3.409029e+05 4.515128e+05 4.512634e+05 3.733706e+05 3.410881e+05 3.409108e+05 3.491764e+05 -6.031823e-01 3.395216e+05 3.395197e+05 8.993728e+00
3.716409e-04 3.408878e+05 3.408763e+05 4.508169e+05 4.505133e+05 3.729528e+05 3.410611e+05 3.408860e+05 3.491366e+05 -6.031097e-01 3.394968e+05 3.394945e+05 9.929611e+00
4.103616e-04 3.408578e+05 3.408439e+05 4.499697e+05 4.496004e+05 3.724440e+05 3.410282e+05 3.408557e+05 3.490882e+05 -6.030212e-01 3.394667e+05 3.394638e+05 1.096260e+01
4.531165e-04 3.408214e+05 3.408044e+05 4.489387e+05 4.484895e+05 3.718247e+05 3.409881e+05 3.408187e+05 3.490292e+05 -6.029134e-01 3.394299e+05 3.394265e+05 1.210268e+01
5.003259e-04 3.407770e+05 3.407563e+05 4.476844e+05 4.471386e+05 3.710710e+05 3.409392e+05 3.407737e+05 3.489572e+05 -6.027822e-01 3.393852e+05 3.393810e+05 1.336081e+01
5.524541e-04 3.407228e+05 3.406977e+05 4.461593e+05 4.454964e+05 3.701543e+05 3.408797e+05 3.407189e+05 3.488698e+05 -6.026225e-01 3.393306e+05 3.393255e+05 1.474905e+01
6.100134e-04 3.406569e+05 3.406262e+05 4.443061e+05 4.435016e+05 3.690398e+05 3.408072e+05 3.406521e+05 3.487632e+05 -6.024280e-01 3.392642e+05 3.392579e+05 1.628063e+01
6.735697e-04 3.405767e+05 3.405392e+05 4.420557e+05 4.410805e+05 3.676858e+05 3.407189e+05 3.405708e+05 3.486336e+05 -6.021914e-01 3.391832e+05 3.391756e+05 1.797001e+01
7.437478e-04 3.404789e+05 3.404332e+05 4.393255e+05 4.381449e+05 3.660419e+05 3.406114e+05 3.404717e+05 3.484761e+05 -6.019035e-01 3.390846e+05 3.390753e+05 1.983306e+01
8.212376e-04 3.403599e+05 3.403042e+05 4.360168e+05 4.345898e+05 3.640480e+05 3.404806e+05 3.403512e+05 3.482846e+05 -6.015536e-01 3.389645e+05 3.389532e+05 2.188704e+01
9.068010e-04 3.402151e+05 3.401472e+05 4.320124e+05 4.302907e+05 3.616324e+05 3.403215e+05 3.402044e+05 3.480521e+05 -6.011285e-01 3.388183e+05 3.388046e+05 2.415077e+01
1.001279e-03 3.400390e+05 3.399562e+05 4.271739e+05 4.251016e+05 3.587099e+05 3.401280e+05 3.400260e+05 3.477699e+05 -6.006125e-01 3.386405e+05 3.386238e+05 2.664467e+01
1.105601e-03 3.398249e+05 3.397240e+05 4.213391e+05 4.188521e+05 3.551802e+05 3.398930e+05 3.398090e+05 3.474280e+05 -5.999866e-01 3.384242e+05 3.384038e+05 2.939079e+01
1.220791e-03 3.395647e+05 3.394418e+05 4.143202e+05 4.113457e+05 3.509261e+05 3.396076e+05 3.395454e+05 3.470141e+05 -5.992284e-01 3.381612e+05 3.381364e+05 3.241285e+01
1.347984e-03 3.392489e+05 3.390991e+05 4.059017e+05 4.023597e+05 3.458121e+05 3.392613e+05 3.392253e+05 3.465138e+05 -5.983113e-01 3.378418e+05 3.378115e+05 3.573621e+01
1.488428e-03 3.388658e+05 3.386833e+05 3.958417e+05 3.916464e+05 3.396831e+05 3.388417e+05 3.388371e+05 3.459102e+05 -5.972037e-01 3.374539e+05 3.374171e+05 3.938773e+01
1.643505e-03 3.384017e+05 3.381793e+05 3.838737e+05 3.789372e+05 3.323657e+05 3.383339e+05 3.383668e+05 3.451839e+05 -5.958689e-01 3.369835e+05 3.369387e+05 4.339568e+01
1.814739e-03 3.378402e+05 3.375692e+05 3.697141e+05 3.639528e+05 3.236702e+05 3.377204e+05 3.377976e+05 3.443119e+05 -5.942642e-01 3.364137e+05 3.363592e+05 4.778939e+01
2.003814e-03 3.371619e+05 3.368318e+05 3.530750e+05 3.464192e+05 3.133961e+05 3.369805e+05 3.371100e+05 3.432688e+05 -5.923409e-01 3.357244e+05 3.356582e+05 5.259885e+01
2.212588e-03 3.363442e+05 3.359422e+05 3.336851e+05 3.260932e+05 3.013414e+05 3.360901e+05 3.362810e+05 3.420258e+05 -5.900441e-01 3.348919e+05 3.348115e+05 5.785419e+01
2.443114e-03 3.353608e+05 3.348714e+05 3.113225e+05 3.028006e+05 2.873189e+05 3.350218e+05 3.352838e+05 3.405515e+05 -5.873131e-01 3.338886e+05 3.337910e+05 6.358485e+01
2.697658e-03 3.341815e+05 3.335857e+05 2.858612e+05 2.764886e+05 2.711794e+05 3.337441e+05 3.340878e+05 3.388128e+05 -5.840827e-01 3.326824e+05 3.325641e+05 6.981870e+01
2.978722e-03 3.327719e+05 3.320471e+05 2.573336e+05 2.472927e+05 2.528446e+05 3.322219e+05 3.326579e+05 3.367758e+05 -5.802855e-01 3.312368e+05 3.310935e+05 7.658097e+01
3.289070e-03 3.310942e+05 3.302127e+05 2.260082e+05 2.156157e+05 2.323495e+05 3.304168e+05 3.309555e+05 3.344074e+05 -5.758544e-01 3.295104e+05 3.293371e+05 8.389302e+01
3.631753e-03 3.291066e+05 3.280351e+05 1.924767e+05 1.822081e+05 2.098940e+05 3.282877e+05 3.289380e+05 3.316782e+05 -5.707280e-01 3.274579e+05 3.272486e+05 9.177116e+01
4.010139e-03 3.267652e+05 3.254635e+05 1.577358e+05 1.482290e+05 1.858956e+05 3.257920e+05 3.265605e+05 3.285644e+05 -5.648561e-01 3.250303e+05 3.247778e+05 1.002258e+02
4.427949e-03 3.240250e+05 3.224449e+05 1.232343e+05 1.152518e+05 1.610336e+05 3.228874e+05 3.237764e+05 3.250502e+05 -5.582055e-01 3.221771e+05 3.218732e+05 1.092610e+02
4.889290e-03 3.208417e+05 3.189254e+05 9.084023e+04 8.516579e+04 1.362613e+05 3.195336e+05 3.205403e+05 3.211291e+05 -5.507666e-01 3.188482e+05 3.184831e+05 1.188746e+02
5.398697e-03 3.171747e+05 3.148529e+05 6.267068e+04 5.992081e+04 1.127578e+05 3.156948e+05 3.168095e+05 3.168021e+05 -5.425554e-01 3.149977e+05 3.145600e+05 1.290601e+02
5.961178e-03 3.129891e+05 3.101796e+05 4.072775e+04 4.108725e+04 9.178704e+04 3.113412e+05 3.125472e+05 3.120730e+05 -5.336100e-01 3.105874e+05 3.100639e+05 1.398085e+02
6.582264e-03 3.082622e+05 3.048672e+05 2.633401e+04 2.928391e+04 7.615540e+04 3.064631e+05 3.077281e+05 3.069516e+05 -5.240012e-01 3.056057e+05 3.049809e+05 1.511110e+02
7.268059e-03 3.029701e+05 2.988746e+05 1.947022e+04 2.366608e+04 6.348796e+04 3.010212e+05 3.023259e+05 3.013938e+05 -5.137272e-01 3.000152e+05 2.992712e+05 1.629597e+02
8.025306e-03 2.971052e+05 2.921742e+05 1.831242e+04 2.184047e+04 5.416270e+04 2.950067e+05 2.963296e+05 2.953547e+05 -5.027930e-01 2.938266e+05 2.929427e+05 1.753439e+02
8.861450e-03 2.906639e+05 2.847405e+05 1.942900e+04 2.059751e+04 4.798746e+04 2.884115e+05 2.897322e+05 2.887662e+05 -4.911428e-01 2.870602e+05 2.860124e+05 1.882393e+02
9.784710e-03 2.836409e+05 2.765443e+05 1.904737e+04 1.750721e+04 4.305266e+04 2.812164e+05 2.825245e+05 2.815489e+05 -4.786466e-01 2.797278e+05 2.784888e+05 2.015871e+02
1.080416e-02 2.760261e+05 2.675505e+05 1.518775e+04 1.254951e+04 3.747271e+04 2.733969e+05 2.746928e+05 2.736542e+05 -4.651500e-01 2.718285e+05 2.703676e+05 2.152690e+02
1.192983e-02 2.678046e+05 2.577196e+05 9.278772e+03 8.102360e+03 3.102237e+04 2.649333e+05 2.662182e+05 2.650929e+05 -4.505484e-01 2.633446e+05 2.616279e+05 2.290847e+02
1.317278e-02 2.589601e+05 2.470129e+05 5.115542e+03 6.328853e+03 2.508089e+04 2.558134e+05 2.570808e+05 2.559119e+05 -4.348297e-01 2.542445e+05 2.522360e+05 2.427439e+02
1.454523e-02 2.494802e+05 2.354015e+05 4.764055e+03 5.632031e+03 2.068032e+04 2.460278e+05 2.472656e+05 2.461180e+05 -4.180364e-01 2.444932e+05 2.421555e+05 2.558685e+02
1.606067e-02 2.393611e+05 2.228755e+05 5.621104e+03 4.425208e+03 1.764912e+04 2.355708e+05 2.367678e+05 2.356648e+05 -4.001715e-01 2.340940e+05 2.313905e+05 2.679863e+02
1.773401e-02 2.286077e+05 2.094509e+05 4.149710e+03 3.459744e+03 1.470009e+04 2.244422e+05 2.255942e+05 2.245126e+05 -3.812032e-01 2.230519e+05 2.199496e+05 2.784970e+02
1.958169e-02 2.172357e+05 1.951807e+05 2.007330e+03 2.689718e+03 1.153046e+04 2.126615e+05 2.137663e+05 2.127014e+05 -3.611265e-01 2.113880e+05 2.078624e+05 2.866388e+02
2.162187e-02 2.052805e+05 1.801736e+05 2.142670e+03 2.077124e+03 9.104496e+03 2.002810e+05 2.013311e+05 2.003190e+05 -3.400463e-01 1.991393e+05 1.951803e+05 2.915045e+02
2.387462e-02 1.928084e+05 1.646179e+05 1.929306e+03 1.593199e+03 7.421118e+03 1.873854e+05 1.883739e+05 1.874181e+05 -3.181199e-01 1.863840e+05 1.820037e+05 2.920881e+02
2.636207e-02 1.799251e+05 1.488007e+05 9.354240e+02 1.213522e+03 5.795662e+03 1.741046e+05 1.750291e+05 1.741230e+05 -2.955424e-01 1.732517e+05 1.684940e+05 2.873240e+02
2.910870e-02 1.667853e+05 1.331242e+05 1.129927e+03 9.175047e+02 4.458728e+03 1.606325e+05 1.614903e+05 1.606515e+05 -2.726509e-01 1.599232e+05 1.548732e+05 2.761982e+02
3.214148e-02 1.536009e+05 1.181101e+05 5.516729e+02 6.892582e+02 3.513028e+03 1.472286e+05 1.480180e+05 1.472393e+05 -2.498831e-01 1.466477e+05 1.414401e+05 2.579425e+02
3.549025e-02 1.406391e+05 1.043733e+05 6.358220e+02 5.149836e+02 2.640733e+03 1.342117e+05 1.349344e+05 1.342224e+05 -2.277769e-01 1.337335e+05 1.285557e+05 2.322693e+02
3.918792e-02 1.282074e+05 9.255384e+04 3.099599e+02 3.837061e+02 2.089433e+03 1.219407e+05 1.225990e+05 1.219466e+05 -2.069407e-01 1.215275e+05 1.166122e+05 1.996883e+02
4.327085e-02 1.166163e+05 8.318804e+04 2.943459e+02 2.859706e+02 1.560585e+03 1.107581e+05 1.113579e+05 1.107633e+05 -1.879558e-01 1.103660e+05 1.059682e+05 1.618064e+02
4.759793e-02 1.064695e+05 7.669971e+04 2.165036e+02 2.163025e+02 1.203103e+03 1.012371e+05 1.017866e+05 1.012410e+05 -1.717926e-01 1.008218e+05 9.714202e+04 1.230790e+02
5.192502e-02 9.824409e+04 7.285073e+04 1.687551e+02 1.685979e+02 9.761726e+02 9.374009e+04 9.424962e+04 9.374311e+04 -1.590662e-01 9.327864e+04 9.038148e+04 8.882752e+01
5.625210e-02 9.141920e+04 7.047438e+04 1.347216e+02 1.345956e+02 7.647852e+02 8.764728e+04 8.812451e+04 8.764970e+04 -1.487243e-01 8.713262e+04 8.497352e+04 6.110650e+01
6.057919e-02 8.560367e+04 6.862473e+04 1.095285e+02 1.094258e+02 6.213726e+02 8.248317e+04 8.293282e+04 8.248513e+04 -1.399593e-01 8.192512e+04 8.037269e+04 4.079823e+01
6.490627e-02 8.049964e+04 6.661277e+04 9.022694e+01 9.014214e+01 5.275898e+02 7.789026e+04 7.831519e+04 7.789187e+04 -1.321642e-01 7.731160e+04 7.618043e+04 2.774562e+01
6.923336e-02 7.584031e+04 6.397873e+04 7.495853e+01 7.488801e+01 4.303218e+02 7.357269e+04 7.397445e+04 7.357403e+04 -1.248369e-01 7.300208e+04 7.208906e+04 2.099475e+01
7.356045e-02 7.140607e+04 6.050845e+04 6.255291e+01 6.249407e+01 3.562154e+02 6.931307e+04 6.969184e+04 6.931420e+04 -1.176084e-01 6.877737e+04 6.789594e+04 1.907617e+01
7.788753e-02 6.710291e+04 5.628041e+04 5.232300e+01 5.227385e+01 3.003656e+02 6.504487e+04 6.540050e+04 6.504581e+04 -1.103655e-01 6.456470e+04 6.357171e+04 2.029675e+01
8.221462e-02 6.294203e+04 5.159114e+04 4.385854e+01 4.381745e+01 2.379520e+02 6.082371e+04 6.115650e+04 6.082450e+04 -1.032028e-01 6.041116e+04 5.922297e+04 2.300834e+01
8.654170e-02 5.898852e+04 4.683870e+04 3.688528e+01 3.685083e+01 2.147461e+02 5.676669e+04 5.707732e+04 5.676735e+04 -9.631861e-02 5.642387e+04 5.502021e+04 2.582184e+01
9.086879e-02 5.530727e+04 4.240487e+04 3.118020e+01 3.115116e+01 1.936370e+02 5.298769e+04 5.327768e+04 5.298825e+04 -8.990631e-02 5.270748e+04 5.112397e+04 2.774316e+01
9.625112e-02 5.118407e+04 3.777834e+04 2.556024e+01 2.553651e+01 1.491970e+02 4.880803e+04 4.907530e+04 4.880849e+04 -8.281422e-02 4.858499e+04 4.688636e+04 2.809609e+01
1.016334e-01 4.763593e+04 3.444173e+04 2.127065e+01 2.125093e+01 1.294912e+02 4.531226e+04 4.556044e+04 4.531264e+04 -7.688253e-02 4.511773e+04 4.345373e+04 2.606549e+01
1.070158e-01 4.468922e+04 3.242874e+04 1.801457e+01 1.799785e+01 1.061340e+02 4.252759e+04 4.276061e+04 4.252791e+04 -7.215746e-02 4.233541e+04 4.084238e+04 2.221129e+01
1.123981e-01 4.227824e+04 3.146992e+04 1.551787e+01 1.550343e+01 9.694524e+01 4.035691e+04 4.057805e+04 4.035719e+04 -6.847419e-02 4.014886e+04 3.891397e+04 1.749115e+01
1.177804e-01 4.025739e+04 3.109739e+04 1.354238e+01 1.352973e+01 8.470081e+01 3.860491e+04 3.881649e+04 3.860515e+04 -6.550135e-02 3.837346e+04 3.741827e+04 1.291125e+01
1.231628e-01 3.846158e+04 3.081271e+04 1.190737e+01 1.189622e+01 7.416589e+01 3.705526e+04 3.725839e+04 3.705547e+04 -6.287189e-02 3.680355e+04 3.608770e+04 9.253384e+00
1.285451e-01 3.675695e+04 3.022875e+04 1.049466e+01 1.048481e+01 6.470170e+01 3.553521e+04 3.573004e+04 3.553539e+04 -6.029268e-02 3.527447e+04 3.471515e+04 6.927284e+00
1.339274e-01 3.506273e+04 2.914562e+04 9.238996e+00 9.230317e+00 5.652786e+01 3.394581e+04 3.413195e+04 3.394597e+04 -5.759585e-02 3.369093e+04 3.319025e+04 5.951621e+00
1.393097e-01 3.335312e+04 2.756223e+04 8.112491e+00 8.104879e+00 5.088885e+01 3.226524e+04 3.244219e+04 3.226539e+04 -5.474436e-02 3.203000e+04 3.150188e+04 6.035378e+00
1.446921e-01 3.164328e+04 2.563290e+04 7.108080e+00 7.101425e+00 4.434819e+01 3.053037e+04 3.069783e+04 3.053050e+04 -5.180077e-02 3.032377e+04 2.971331e+04 6.716792e+00
1.500744e-01 2.997228e+04 2.359583e+04 6.226645e+00 6.220830e+00 3.876444e+01 2.881120e+04 2.896924e+04 2.881131e+04 -4.888381e-02 2.863546e+04 2.792726e+04 7.512788e+00
1.554567e-01 2.839479e+04 2.170413e+04 5.469979e+00 5.464884e+00 3.472874e+01 2.719315e+04 2.734232e+04 2.719324e+04 -4.613843e-02 2.704411e+04 2.625909e+04 8.039335e+00
1.608391e-01 2.696970e+04 2.016406e+04 4.836169e+00 4.831671e+00 3.116560e+01 2.575783e+04 2.589915e+04 2.575792e+04 -4.370311e-02 2.562718e+04 2.481079e+04 8.080845e+00
1.662214e-01 2.573379e+04 1.907953e+04 4.315200e+00 4.311189e+00 2.709313e+01 2.455234e+04 2.468705e+04 2.455241e+04 -4.165772e-02 2.443035e+04 2.363638e+04 7.604465e+00
1.716037e-01 2.468203e+04 1.842847e+04 3.888341e+00 3.884723e+00 2.442268e+01 2.356899e+04 2.369832e+04 2.356906e+04 -3.998926e-02 2.344687e+04 2.272177e+04 6.727037e+00
1.769861e-01 2.377702e+04 1.809098e+04 3.532969e+00 3.529676e+00 2.192076e+01 2.275770e+04 2.288259e+04 2.275777e+04 -3.861272e-02 2.262947e+04 2.200117e+04 5.651690e+00
1.823684e-01 2.297351e+04 1.790613e+04 3.228512e+00 3.225495e+00 1.969488e+01 2.205536e+04 2.217639e+04 2.205541e+04 -3.742102e-02 2.191900e+04 2.139242e+04 4.596904e+00
1.877507e-01 2.222816e+04 1.771699e+04 2.958672e+00 2.955903e+00 1.792655e+01 2.140108e+04 2.151854e+04 2.140113e+04 -3.631090e-02 2.125848e+04 2.081761e+04 3.738328e+00
1.931330e-01 2.150044e+04 1.740019e+04 2.711602e+00 2.709061e+00 1.663405e+01 2.074162e+04 2.085545e+04 2.074166e+04 -3.519197e-02 2.059719e+04 2.021213e+04 3.174144e+00
1.985154e-01 2.076102e+04 1.689060e+04 2.480377e+00 2.478053e+00 1.536305e+01 2.004219e+04 2.015219e+04 2.004223e+04 -3.400524e-02 1.990122e+04 1.953759e+04 2.916202e+00
2.038977e-01 2.000279e+04 1.619423e+04 2.263115e+00 2.260995e+00 1.391681e+01 1.929777e+04 1.940369e+04 1.929781e+04 -3.274219e-02 1.916497e+04 1.879305e+04 2.903921e+00
2.092800e-01 1.923903e+04 1.537530e+04 2.061311e+00 2.059382e+00 1.250351e+01 1.852954e+04 1.863125e+04 1.852958e+04 -3.143874e-02 1.840796e+04 1.800917e+04 3.033673e+00
2.146624e-01 1.849149e+04 1.452545e+04 1.877389e+00 1.875636e+00 1.136923e+01 1.777007e+04 1.786762e+04 1.777011e+04 -3.015015e-02 1.766049e+04 1.722997e+04 3.192947e+00
2.200447e-01 1.778177e+04 1.373461e+04 1.713147e+00 1.711549e+00 1.061796e+01 1.705153e+04 1.714514e+04 1.705156e+04 -2.893101e-02 1.695248e+04 1.649785e+04 3.289263e+00
2.254270e-01 1.712774e+04 1.307084e+04 1.569156e+00 1.567693e+00 9.902946e+00 1.639955e+04 1.648957e+04 1.639958e+04 -2.782479e-02 1.630803e+04 1.584528e+04 3.268031e+00
2.308094e-01 1.653970e+04 1.256699e+04 1.444493e+00 1.443147e+00 9.151291e+00 1.582789e+04 1.591478e+04 1.582792e+04 -2.685486e-02 1.574038e+04 1.528837e+04 3.117796e+00
2.361917e-01 1.601730e+04 1.221654e+04 1.336814e+00 1.335568e+00 8.269482e+00 1.533524e+04 1.541943e+04 1.533527e+04 -2.601899e-02 1.524860e+04 1.482368e+04 2.864123e+00
2.415740e-01 1.555092e+04 1.198135e+04 1.242908e+00 1.241749e+00 7.636532e+00 1.490757e+04 1.498941e+04 1.490759e+04 -2.529336e-02 1.481969e+04 1.443191e+04 2.555588e+00
2.469563e-01 1.512544e+04 1.180622e+04 1.159394e+00 1.158311e+00 7.132957e+00 1.452358e+04 1.460332e+04 1.452360e+04 -2.464185e-02 1.443373e+04 1.408518e+04 2.246956e+00
2.523387e-01 1.472337e+04 1.163400e+04 1.083223e+00 1.082210e+00 6.783707e+00 1.415966e+04 1.423740e+04 1.415968e+04 -2.402439e-02 1.406839e+04 1.375386e+04 1.984396e+00
2.577210e-01 1.432855e+04 1.141911e+04 1.012072e+00 1.011125e+00 6.316429e+00 1.379515e+04 1.387088e+04 1.379516e+04 -2.340592e-02 1.370392e+04 1.341321e+04 1.795822e+00
2.631033e-01 1.393123e+04 1.113828e+04 9.446496e-01 9.437656e-01 5.792320e+00 1.341822e+04 1.349189e+04 1.341823e+04 -2.276639e-02 1.332883e+04 1.304996e+04 1.687497e+00
2.684857e-01 1.353029e+04 1.079370e+04 8.806644e-01 8.798406e-01 5.360703e+00 1.302829e+04 1.309982e+04 1.302830e+04 -2.210479e-02 1.294241e+04 1.266473e+04 1.646574e+00
2.738680e-01 1.313050e+04 1.040669e+04 8.204135e-01 8.196465e-01 5.045484e+00 1.263267e+04 1.270204e+04 1.263269e+04 -2.143356e-02 1.255144e+04 1.226796e+04 1.647883e+00
2.792503e-01 1.273842e+04 1.000750e+04 7.643449e-01 7.636309e-01 4.841117e+00 1.224162e+04 1.230883e+04 1.224163e+04 -2.077007e-02 1.216536e+04 1.187377e+04 1.662401e+00
2.846327e-01 1.236093e+04 9.626815e+03 7.128439e-01 7.121785e-01 4.540690e+00 1.186569e+04 1.193085e+04 1.186571e+04 -2.013224e-02 1.179397e+04 1.149630e+04 1.664907e+00
2.900150e-01 1.200495e+04 9.289749e+03 6.661445e-01 6.655230e-01 4.200201e+00 1.151462e+04 1.157784e+04 1.151463e+04 -1.953657e-02 1.144642e+04 1.114782e+04 1.639169e+00
2.953973e-01 1.167550e+04 9.010395e+03 6.242076e-01 6.236253e-01 3.847635e+00 1.119480e+04 1.125627e+04 1.119481e+04 -1.899395e-02 1.112893e+04 1.083576e+04 1.580011e+00
3.007796e-01 1.137325e+04 8.788663e+03 5.866352e-01 5.860879e-01 3.631352e+00 1.090679e+04 1.096668e+04 1.090680e+04 -1.850529e-02 1.084211e+04 1.056016e+04 1.492365e+00
3.061620e-01 1.109437e+04 8.611994e+03 5.527502e-01 5.522342e-01 3.458655e+00 1.064543e+04 1.070388e+04 1.064544e+04 -1.806184e-02 1.058112e+04 1.031418e+04 1.388053e+00
3.115443e-01 1.083293e+04 8.461196e+03 5.217990e-01 5.213117e-01 3.305411e+00 1.040272e+04 1.045985e+04 1.040273e+04 -1.765004e-02 1.033842e+04 1.008764e+04 1.281505e+00
3.169266e-01 1.058314e+04 8.316737e+03 4.931193e-01 4.926585e-01 3.056422e+00 1.017077e+04 1.022662e+04 1.017078e+04 -1.725650e-02 1.010656e+04 9.870522e+03 1.185703e+00
3.223090e-01 1.034015e+04 8.162985e+03 4.662022e-01 4.657664e-01 2.866261e+00 9.943076e+03 9.997677e+03 9.943085e+03 -1.687017e-02 9.879395e+03 9.654814e+03 1.109299e+00
3.276913e-01 1.010031e+04 7.990599e+03 4.407036e-01 4.402916e-01 2.692190e+00 9.715094e+03 9.768442e+03 9.715102e+03 -1.648335e-02 9.652539e+03 9.435317e+03 1.055330e+00
3.330736e-01 9.861730e+03 7.797729e+03 4.164516e-01 4.160622e-01 2.632626e+00 9.484971e+03 9.537056e+03 9.484979e+03 -1.609291e-02 9.424113e+03 9.210399e+03 1.021511e+00
3.384559e-01 9.624982e+03 7.589738e+03 3.934363e-01 3.930686e-01 2.517962e+00 9.254016e+03 9.304832e+03 9.254022e+03 -1.570105e-02 9.195259e+03 8.982293e+03 1.001748e+00
3.438383e-01 9.392629e+03 7.376846e+03 3.717513e-01 3.714040e-01 2.369015e+00 9.025975e+03 9.075539e+03 9.025981e+03 -1.531414e-02 8.969479e+03 8.756033e+03 9.882929e-01
3.492206e-01 9.167805e+03 7.170402e+03 3.515023e-01 3.511741e-01 2.195591e+00 8.805253e+03 8.853606e+03 8.805259e+03 -1.493964e-02 8.750925e+03 8.537298e+03 9.738814e-01
3.546029e-01 8.952852e+03 6.979459e+03 3.327356e-01 3.324249e-01 2.050436e+00 8.595229e+03 8.642430e+03 8.595235e+03 -1.458330e-02 8.542763e+03 8.330417e+03 9.533501e-01
3.599853e-01 8.748888e+03 6.809000e+03 3.154189e-01 3.151245e-01 1.981395e+00 8.397621e+03 8.443736e+03 8.397627e+03 -1.424802e-02 8.346599e+03 8.137569e+03 9.244282e-01
3.653676e-01 8.556087e+03 6.659779e+03 2.994590e-01 2.991795e-01 1.895333e+00 8.212690e+03 8.257791e+03 8.212695e+03 -1.393425e-02 8.162692e+03 7.958968e+03 8.876917e-01
3.707499e-01 8.373861e+03 6.528922e+03 2.847207e-01 2.844548e-01 1.799606e+00 8.039497e+03 8.083646e+03 8.039502e+03 -1.364040e-02 7.990197e+03 7.793214e+03 8.458589e-01
3.761322e-01 8.200777e+03 6.410881e+03 2.710383e-01 2.707852e-01 1.668686e+00 7.875969e+03 7.919221e+03 7.875974e+03 -1.336295e-02 7.827190e+03 7.637541e+03 8.027164e-01
3.815146e-01 8.034685e+03 6.298863e+03 2.582355e-01 2.579943e-01 1.587164e+00 7.719242e+03 7.761634e+03 7.719247e+03 -1.309703e-02 7.670960e+03 7.488355e+03 7.619939e-01
3.868969e-01 7.873354e+03 6.186695e+03 2.461559e-01 2.459259e-01 1.535905e+00 7.566484e+03 7.608037e+03 7.566488e+03 -1.283785e-02 7.518799e+03 7.342252e+03 7.264662e-01
3.922792e-01 7.715207e+03 6.070379e+03 2.346890e-01 2.344697e-01 1.512063e+00 7.415746e+03 7.456470e+03 7.415750e+03 -1.258209e-02 7.368832e+03 7.196977e+03 6.974559e-01
3.976616e-01 7.559606e+03 5.948734e+03 2.237760e-01 2.235668e-01 1.435423e+00 7.266306e+03 7.306210e+03 7.266310e+03 -1.232854e-02 7.220350e+03 7.051802e+03 6.747788e-01
4.030439e-01 7.406672e+03 5.823036e+03 2.133965e-01 2.131972e-01 1.354391e+00 7.118468e+03 7.157561e+03 7.118472e+03 -1.207771e-02 7.073616e+03 6.907274e+03 6.570545e-01
4.084262e-01 7.256937e+03 5.696127e+03 2.035503e-01 2.033602e-01 1.253564e+00 6.973121e+03 7.011417e+03 6.973125e+03 -1.183110e-02 6.929445e+03 6.764682e+03 6.422421e-01
4.138086e-01 7.111078e+03 5.571422e+03 1.942426e-01 1.940611e-01 1.219474e+00 6.831369e+03 6.868885e+03 6.831372e+03 -1.159059e-02 6.788854e+03 6.625560e+03 6.282345e-01
4.191909e-01 6.969807e+03 5.452076e+03 1.854760e-01 1.853028e-01 1.171828e+00 6.694299e+03 6.731062e+03 6.694302e+03 -1.135803e-02 6.652854e+03 6.491353e+03 6.133584e-01
4.245732e-01 6.833767e+03 5.340369e+03 1.772454e-01 1.770799e-01 1.130982e+00 6.562808e+03 6.598851e+03 6.562812e+03 -1.113493e-02 6.522293e+03 6.363168e+03 5.966723e-01
4.299555e-01 6.703303e+03 5.237229e+03 1.695308e-01 1.693725e-01 1.058197e+00 6.437332e+03 6.472685e+03 6.437335e+03 -1.092204e-02 6.397596e+03 6.241487e+03 5.780345e-01
4.353379e-01 6.578213e+03 5.142032e+03 1.622938e-01 1.621422e-01 9.932891e-01 6.317601e+03 6.352297e+03 6.317604e+03 -1.071890e-02 6.278516e+03 6.125938e+03 5.579755e-01
4.407202e-01 6.457825e+03 5.052954e+03 1.554834e-01 1.553382e-01 9.697201e-01 6.202769e+03 6.236834e+03 6.202771e+03 -1.052406e-02 6.164245e+03 6.015465e+03 5.374402e-01
4.461025e-01 6.341384e+03 4.967761e+03 1.490490e-01 1.489098e-01 9.487784e-01 6.091852e+03 6.125308e+03 6.091854e+03 -1.033587e-02 6.053852e+03 5.908850e+03 5.174773e-01
4.514849e-01 6.228315e+03 4.884481e+03 1.429486e-01 1.428151e-01 9.315984e-01 5.984062e+03 6.016925e+03 5.984063e+03 -1.015299e-02 5.946594e+03 5.805093e+03 4.989622e-01
4.568672e-01 6.118132e+03 4.801640e+03 1.371478e-01 1.370197e-01 8.744419e-01 5.878757e+03 5.911043e+03 5.878760e+03 -9.974321e-03 5.841865e+03 5.703425e+03 4.824174e-01
4.622495e-01 6.010343e+03 4.718334e+03 1.316178e-01 1.314948e-01 8.244795e-01 5.775387e+03 5.807105e+03 5.775390e+03 -9.798937e-03 5.739124e+03 5.603253e+03 4.679509e-01
4.676319e-01 5.904632e+03 4.634418e+03 1.263387e-01 1.262206e-01 7.833565e-01 5.673663e+03 5.704823e+03 5.673666e+03 -9.626344e-03 5.638073e+03 5.504336e+03 4.553012e-01
4.730142e-01 5.801072e+03 4.550584e+03 1.213023e-01 1.211889e-01 7.707056e-01 5.573754e+03 5.604366e+03 5.573757e+03 -9.456831e-03 5.538863e+03 5.406957e+03 4.439591e-01
4.783965e-01 5.699999e+03 4.468027e+03 1.165072e-01 1.163984e-01 7.423476e-01 5.476130e+03 5.506206e+03 5.476132e+03 -9.291195e-03 5.441937e+03 5.311725e+03 4.333274e-01
4.837789e-01 5.601698e+03 4.387885e+03 1.119509e-01 1.118463e-01 7.111152e-01 5.381207e+03 5.410761e+03 5.381209e+03 -9.130141e-03 5.347686e+03 5.219186e+03 4.228722e-01
4.891612e-01 5.506253e+03 4.310902e+03 1.076258e-01 1.075253e-01 6.589438e-01 5.289172e+03 5.318221e+03 5.289174e+03 -8.973988e-03 5.256277e+03 5.129617e+03 4.122293e-01
4.945435e-01 5.413658e+03 4.237417e+03 1.035214e-01 1.034247e-01 6.441708e-01 5.200071e+03 5.228631e+03 5.200073e+03 -8.822814e-03 5.167748e+03 5.043104e+03 4.012510e-01
4.999259e-01 5.323898e+03 4.167432e+03 9.962620e-02 9.953314e-02 6.262134e-01 5.113896e+03 5.141982e+03 5.113897e+03 -8.676602e-03 5.082090e+03 4.959625e+03 3.899945e-01
5.053082e-01 5.236913e+03 4.100620e+03 9.592737e-02 9.583776e-02 6.283565e-01 5.030542e+03 5.058170e+03 5.030543e+03 -8.535176e-03 4.999213e+03 4.879024e+03 3.786659e-01
5.106905e-01 5.152494e+03 4.036346e+03 9.240945e-02 9.232314e-02 5.960894e-01 4.949735e+03 4.976919e+03 4.949737e+03 -8.398074e-03 4.918857e+03 4.800958e+03 3.675396e-01
5.160728e-01 5.070315e+03 3.973826e+03 8.905589e-02 8.897270e-02 5.626625e-01 4.871081e+03 4.897833e+03 4.871082e+03 -8.264623e-03 4.840644e+03 4.724958e+03 3.568770e-01
5.214552e-01 4.990074e+03 3.912384e+03 8.585196e-02 8.577176e-02 5.356401e-01 4.794219e+03 4.820550e+03 4.794220e+03 -8.134213e-03 4.764225e+03 4.650613e+03 3.468649e-01
5.268375e-01 4.911602e+03 3.851636e+03 8.278693e-02 8.270959e-02 5.187057e-01 4.718949e+03 4.744866e+03 4.718950e+03 -8.006505e-03 4.689408e+03 4.577693e+03 3.375837e-01
5.322198e-01 4.834850e+03 3.791505e+03 7.985342e-02 7.977882e-02 5.149095e-01 4.645216e+03 4.670729e+03 4.645217e+03 -7.881404e-03 4.616138e+03 4.506151e+03 3.290044e-01
5.376021e-01 4.759790e+03 3.732099e+03 7.704545e-02 7.697348e-02 4.893704e-01 4.573015e+03 4.598131e+03 4.573017e+03 -7.758902e-03 4.544405e+03 4.436005e+03 3.210122e-01
5.429845e-01 4.686380e+03 3.673621e+03 7.435752e-02 7.428806e-02 4.649319e-01 4.502342e+03 4.527069e+03 4.502343e+03 -7.638993e-03 4.474200e+03 4.367294e+03 3.134462e-01
5.483668e-01 4.614618e+03 3.616346e+03 7.178517e-02 7.171811e-02 4.398426e-01 4.433238e+03 4.457586e+03 4.433239e+03 -7.521747e-03 4.405554e+03 4.300104e+03 3.061429e-01
5.537491e-01 4.544576e+03 3.560596e+03 6.932518e-02 6.926042e-02 4.363772e-01 4.365814e+03 4.389792e+03 4.365815e+03 -7.407350e-03 4.338571e+03 4.234581e+03 2.989715e-01
5.591314e-01 4.476329e+03 3.506610e+03 6.697421e-02 6.691165e-02 4.321289e-01 4.300171e+03 4.323790e+03 4.300173e+03 -7.295976e-03 4.273349e+03 4.170847e+03 2.918550e-01
5.645138e-01 4.409861e+03 3.454435e+03 6.472731e-02 6.466685e-02 4.254961e-01 4.236303e+03 4.259569e+03 4.236303e+03 -7.187611e-03 4.209878e+03 4.108900e+03 2.847749e-01
5.698961e-01 4.345060e+03 3.403927e+03 6.257810e-02 6.251964e-02 3.975326e-01 4.174091e+03 4.197017e+03 4.174092e+03 -7.082060e-03 4.148045e+03 4.048615e+03 2.777618e-01
5.752785e-01 4.281812e+03 3.354868e+03 6.052028e-02 6.046374e-02 3.816838e-01 4.113409e+03 4.136001e+03 4.113410e+03 -6.979100e-03 4.087726e+03 3.989844e+03 2.708775e-01
5.806608e-01 4.220055e+03 3.307062e+03 5.854857e-02 5.849388e-02 3.627234e-01 4.054171e+03 4.076438e+03 4.054173e+03 -6.878594e-03 4.028841e+03 3.932482e+03 2.641925e-01
5.860431e-01 4.159739e+03 3.260332e+03 5.665817e-02 5.660525e-02 3.665419e-01 3.996310e+03 4.018259e+03 3.996311e+03 -6.780422e-03 3.971326e+03 3.876440e+03 2.577662e-01
5.914254e-01 4.100768e+03 3.214491e+03 5.484405e-02 5.479282e-02 3.494111e-01 3.939715e+03 3.961354e+03 3.939716e+03 -6.684399e-03 3.915076e+03 3.821596e+03 2.516330e-01
5.968078e-01 4.043020e+03 3.169383e+03 5.310128e-02 5.305167e-02 3.370775e-01 3.884260e+03 3.905594e+03 3.884262e+03 -6.590311e-03 3.859965e+03 3.767822e+03 2.457976e-01
6.021901e-01 3.986431e+03 3.124961e+03 5.142609e-02 5.137805e-02 3.158781e-01 3.829884e+03 3.850919e+03 3.829884e+03 -6.498052e-03 3.805930e+03 3.715059e+03 2.402382e-01
6.075724e-01 3.931012e+03 3.081296e+03 4.981608e-02 4.976954e-02 3.087825e-01 3.776607e+03 3.797349e+03 3.776607e+03 -6.407658e-03 3.752991e+03 3.663340e+03 2.349145e-01
6.129547e-01 3.876797e+03 3.038508e+03 4.826922e-02 4.822414e-02 3.113937e-01 3.724475e+03 3.744931e+03 3.724476e+03 -6.319208e-03 3.701193e+03 3.612725e+03 2.297788e-01
6.183371e-01 3.823765e+03 2.996661e+03 4.678297e-02 4.673927e-02 3.054431e-01 3.673483e+03 3.693659e+03 3.673483e+03 -6.232690e-03 3.650527e+03 3.563220e+03 2.247869e-01
6.237195e-01 3.771863e+03 2.955772e+03 4.535440e-02 4.531204e-02 2.957120e-01 3.623587e+03 3.643490e+03 3.623588e+03 -6.148034e-03 3.600948e+03 3.514794e+03 2.199056e-01
6.291018e-01 3.721067e+03 2.915858e+03 4.398103e-02 4.393994e-02 2.761244e-01 3.574771e+03 3.594405e+03 3.574771e+03 -6.065208e-03 3.552438e+03 3.467432e+03 2.151178e-01
6.553143e-01 3.488978e+03 2.734591e+03 3.800637e-02 3.797086e-02 2.358735e-01 3.351901e+03 3.370311e+03 3.351901e+03 -5.687071e-03 3.330939e+03 3.251362e+03 1.933256e-01
6.710609e-01 3.360348e+03 2.633904e+03 3.490774e-02 3.487513e-02 2.267225e-01 3.228345e+03 3.246076e+03 3.228345e+03 -5.477437e-03 3.208152e+03 3.131528e+03 1.817842e-01
7.173232e-01 3.022509e+03 2.368977e+03 2.747874e-02 2.745307e-02 1.786375e-01 2.903757e+03 2.919706e+03 2.903758e+03 -4.926718e-03 2.885594e+03 2.816666e+03 1.529773e-01
7.667748e-01 2.717213e+03 2.129740e+03 2.161970e-02 2.159951e-02 1.409631e-01 2.610463e+03 2.624801e+03 2.610463e+03 -4.429094e-03 2.594130e+03 2.532180e+03 1.286248e-01
8.196356e-01 2.441411e+03 1.913630e+03 1.700062e-02 1.698474e-02 1.118886e-01 2.345507e+03 2.358389e+03 2.345507e+03 -3.979550e-03 2.330826e+03 2.275184e+03 1.080782e-01
8.761405e-01 2.192429e+03 1.718518e+03 1.336123e-02 1.334875e-02 8.321469e-02 2.106312e+03 2.117882e+03 2.106313e+03 -3.573717e-03 2.093126e+03 2.043172e+03 9.077130e-02
9.365409e-01 1.967834e+03 1.542504e+03 1.049557e-02 1.048577e-02 6.490037e-02 1.890544e+03 1.900928e+03 1.890545e+03 -3.207630e-03 1.878706e+03 1.833880e+03 7.619987e-02
1.001105e+00 1.765367e+03 1.383822e+03 8.240413e-03 8.232715e-03 5.128320e-02 1.696033e+03 1.705349e+03 1.696033e+03 -2.877607e-03 1.685410e+03 1.645204e+03 6.393740e-02
1.070120e+00 1.582976e+03 1.240874e+03 6.466731e-03 6.460690e-03 4.210654e-02 1.520809e+03 1.529163e+03 1.520809e+03 -2.580311e-03 1.511282e+03 1.475238e+03 5.362293e-02
1.143894e+00 1.418747e+03 1.112155e+03 5.072377e-03 5.067639e-03 3.324123e-02 1.363033e+03 1.370519e+03 1.363033e+03 -2.312616e-03 1.354492e+03 1.322193e+03 4.495161e-02
1.222753e+00 1.270995e+03 9.963480e+02 3.976915e-03 3.973200e-03 2.494910e-02 1.221085e+03 1.227792e+03 1.221085e+03 -2.071778e-03 1.213432e+03 1.184502e+03 3.766645e-02
1.307048e+00 1.138131e+03 8.922076e+02 3.116671e-03 3.113759e-03 2.012340e-02 1.093441e+03 1.099447e+03 1.093441e+03 -1.855208e-03 1.086587e+03 1.060685e+03 3.154863e-02
1.397155e+00 1.018712e+03 7.986025e+02 2.441437e-03 2.439157e-03 1.648532e-02 9.787120e+02 9.840878e+02 9.787121e+02 -1.660551e-03 9.725760e+02 9.493959e+02 2.641330e-02
1.493473e+00 9.114546e+02 7.145292e+02 1.911723e-03 1.909937e-03 1.244918e-02 8.756677e+02 8.804775e+02 8.756678e+02 -1.485719e-03 8.701769e+02 8.494402e+02 2.210517e-02
1.596432e+00 8.151609e+02 6.390477e+02 1.496335e-03 1.494938e-03 9.380751e-03 7.831561e+02 7.874578e+02 7.831561e+02 -1.328757e-03 7.782447e+02 7.597010e+02 1.849249e-02
1.706489e+00 7.287589e+02 5.713194e+02 1.170752e-03 1.169658e-03 7.765006e-03 7.001474e+02 7.039931e+02 7.001474e+02 -1.187919e-03 6.957559e+02 6.791796e+02 1.546449e-02
1.824133e+00 6.512688e+02 5.105757e+02 9.156654e-04 9.148101e-04 6.125194e-03 6.257004e+02 6.291373e+02 6.257005e+02 -1.061607e-03 6.217754e+02 6.069632e+02 1.292753e-02
1.949887e+00 5.818032e+02 4.561209e+02 7.158928e-04 7.152240e-04 4.844197e-03 5.589627e+02 5.620330e+02 5.589627e+02 -9.483749e-04 5.554559e+02 5.422246e+02 1.080294e-02
2.084310e+00 5.195645e+02 4.073309e+02 5.595083e-04 5.589856e-04 3.732211e-03 4.991679e+02 5.019097e+02 4.991679e+02 -8.469228e-04 4.960358e+02 4.842209e+02 9.024455e-03
2.228001e+00 4.638230e+02 3.636336e+02 4.371340e-04 4.367256e-04 2.508851e-03 4.456152e+02 4.480629e+02 4.456152e+02 -7.560616e-04 4.428188e+02 4.322720e+02 7.536265e-03
2.381597e+00 4.139218e+02 3.245141e+02 3.414096e-04 3.410906e-04 1.977961e-03 3.976733e+02 3.998576e+02 3.976733e+02 -6.747201e-04 3.951776e+02 3.857659e+02 6.291440e-03
2.545782e+00 3.692693e+02 2.895085e+02 2.665603e-04 2.663113e-04 1.765917e-03 3.547739e+02 3.567226e+02 3.547739e+02 -6.019340e-04 3.525472e+02 3.441510e+02 5.250617e-03
2.721286e+00 3.293307e+02 2.581984e+02 2.080556e-04 2.078613e-04 1.316498e-03 3.164034e+02 3.181413e+02 3.164034e+02 -5.368319e-04 3.144173e+02 3.069293e+02 4.380675e-03
2.908889e+00 2.936195e+02 2.302019e+02 1.623406e-04 1.621890e-04 9.872376e-04 2.820943e+02 2.836437e+02 2.820943e+02 -4.786207e-04 2.803234e+02 2.736473e+02 3.653795e-03
3.109425e+00 2.617033e+02 2.051802e+02 1.266328e-04 1.265145e-04 8.056803e-04 2.514310e+02 2.528120e+02 2.514310e+02 -4.265952e-04 2.498525e+02 2.439019e+02 3.046678e-03
3.323786e+00 2.331884e+02 1.828249e+02 9.875036e-05 9.865812e-05 6.984146e-04 2.240355e+02 2.252661e+02 2.240355e+02 -3.801141e-04 2.226289e+02 2.173265e+02 2.539759e-03
3.552925e+00 2.077211e+02 1.628586e+02 7.698515e-05 7.691323e-05 5.025865e-04 1.995679e+02 2.006641e+02 1.995679e+02 -3.386007e-04 1.983149e+02 1.935912e+02 2.116627e-03
3.797861e+00 1.849845e+02 1.450330e+02 6.000069e-05 5.994464e-05 4.198051e-04 1.777238e+02 1.787000e+02 1.777238e+02 -3.015385e-04 1.766079e+02 1.724008e+02 1.763555e-03
4.059682e+00 1.646924e+02 1.291238e+02 4.675078e-05 4.670711e-05 3.144809e-04 1.582282e+02 1.590974e+02 1.582282e+02 -2.684610e-04 1.572347e+02 1.534886e+02 1.469028e-03
4.339552e+00 1.465878e+02 1.149294e+02 3.641728e-05 3.638327e-05 2.575812e-04 1.408343e+02 1.416079e+02 1.408343e+02 -2.389492e-04 1.399499e+02 1.366152e+02 1.223408e-03
4.638717e+00 1.304406e+02 1.022695e+02 2.836066e-05 2.833417e-05 1.962383e-04 1.253208e+02 1.260091e+02 1.253208e+02 -2.126279e-04 1.245338e+02 1.215658e+02 1.018637e-03
4.958507e+00 1.160429e+02 9.098129e+01 2.208089e-05 2.206027e-05 1.595536e-04 1.114883e+02 1.121007e+02 1.114883e+02 -1.891587e-04 1.107882e+02 1.081471e+02 8.479637e-04
5.300342e+00 1.032099e+02 8.091965e+01 1.718752e-05 1.717146e-05 1.007689e-04 9.915889e+01 9.970354e+01 9.915889e+01 -1.682398e-04 9.853621e+01 9.618655e+01 7.057519e-04
5.665742e+00 9.177425e+01 7.195358e+01 1.337539e-05 1.336290e-05 1.002667e-04 8.817208e+01 8.865639e+01 8.817208e+01 -1.495988e-04 8.761840e+01 8.552837e+01 5.872826e-04
6.056334e+00 8.158713e+01 6.396634e+01 1.040641e-05 1.039669e-05 5.981323e-05 7.838477e+01 7.881532e+01 7.838477e+01 -1.329930e-04 7.789256e+01 7.603378e+01 4.886186e-04
6.473852e+00 7.251453e+01 5.685288e+01 8.094646e-06 8.087084e-06 3.972212e-05 6.966822e+01 7.005090e+01 6.966822e+01 -1.182039e-04 6.923077e+01 6.757790e+01 4.064669e-04
6.920153e+00 6.443686e+01 5.051945e+01 6.295068e-06 6.289189e-06 3.463559e-05 6.190756e+01 6.224761e+01 6.190756e+01 -1.050366e-04 6.151887e+01 6.004932e+01 3.380808e-04
7.397222e+00 5.724678e+01 4.488191e+01 4.894521e-06 4.889949e-06 4.050405e-05 5.499964e+01 5.530175e+01 5.499964e+01 -9.331620e-05 5.465436e+01 5.334795e+01 2.811653e-04
7.907180e+00 5.084856e+01 3.986520e+01 3.804789e-06 3.801235e-06 2.315870e-05 4.885250e+01 4.912084e+01 4.885250e+01 -8.288653e-05 4.854584e+01 4.738458e+01 2.338071e-04
8.452294e+00 4.515622e+01 3.540193e+01 2.957073e-06 2.954311e-06 2.253767e-05 4.338354e+01 4.362184e+01 4.338354e+01 -7.360752e-05 4.311125e+01 4.207911e+01 1.944085e-04
9.034987e+00 4.009330e+01 3.143213e+01 2.297779e-06 2.295633e-06 1.671683e-05 3.851929e+01 3.873087e+01 3.851929e+01 -6.535448e-05 3.827757e+01 3.736024e+01 1.616385e-04
9.657851e+00 3.559114e+01 2.790200e+01 1.785132e-06 1.783465e-06 1.373881e-05 3.419379e+01 3.438161e+01 3.419379e+01 -5.801555e-05 3.397926e+01 3.316402e+01 1.343863e-04
1.032366e+01 3.158861e+01 2.476361e+01 1.386597e-06 1.385302e-06 9.824448e-06 3.034832e+01 3.051502e+01 3.034832e+01 -5.149105e-05 3.015796e+01 2.943345e+01 1.117268e-04
1.103536e+01 2.803109e+01 2.197412e+01 1.076839e-06 1.075833e-06 6.665156e-06 2.693039e+01 2.707831e+01 2.693039e+01 -4.569196e-05 2.676151e+01 2.611764e+01 9.288901e-05
1.179613e+01 2.486974e+01 1.949524e+01 8.361271e-07 8.353463e-07 6.402952e-06 2.389307e+01 2.402431e+01 2.389307e+01 -4.053864e-05 2.374330e+01 2.317106e+01 7.723040e-05
1.260934e+01 2.206108e+01 1.729291e+01 6.491089e-07 6.485027e-07 5.911062e-06 2.119461e+01 2.131103e+01 2.119461e+01 -3.596025e-05 2.106180e+01 2.055319e+01 6.421623e-05
1.347862e+01 1.956628e+01 1.533666e+01 5.038349e-07 5.033644e-07 3.351296e-06 1.879770e+01 1.890095e+01 1.879770e+01 -3.189348e-05 1.867996e+01 1.822785e+01 5.340115e-05
1.440782e+01 1.735070e+01 1.359934e+01 3.910076e-07 3.906425e-07 2.034116e-06 1.666904e+01 1.676060e+01 1.666904e+01 -2.828185e-05 1.656469e+01 1.616274e+01 4.441437e-05
1.540108e+01 1.538349e+01 1.205675e+01 3.033963e-07 3.031130e-07 2.305617e-06 1.477901e+01 1.486018e+01 1.477901e+01 -2.507508e-05 1.468655e+01 1.432912e+01 3.694745e-05
1.646282e+01 1.363715e+01 1.068735e+01 2.353777e-07 2.351579e-07 1.622331e-06 1.310117e+01 1.317313e+01 1.310117e+01 -2.222835e-05 1.301927e+01 1.270135e+01 3.074374e-05
1.759775e+01 1.208716e+01 9.471910e+00 1.825792e-07 1.824088e-07 1.666195e-06 1.161199e+01 1.167578e+01 1.161199e+01 -1.970171e-05 1.153946e+01 1.125660e+01 2.558975e-05
1.881093e+01 1.071171e+01 8.393319e+00 1.416021e-07 1.414699e-07 1.448856e-06 1.029050e+01 1.034702e+01 1.029050e+01 -1.745957e-05 1.022628e+01 9.974512e+00 2.130791e-05
2.010773e+01 9.491366e+00 7.436342e+00 1.098049e-07 1.097024e-07 4.765332e-07 9.118020e+00 9.168103e+00 9.118020e+00 -1.547026e-05 9.061180e+00 8.836985e+00 1.775062e-05
2.149394e+01 8.408815e+00 6.587411e+00 8.513501e-08 8.505557e-08 3.336372e-07 8.077932e+00 8.122302e+00 8.077932e+00 -1.370558e-05 8.027638e+00 7.827890e+00 1.479514e-05
2.297572e+01 7.448670e+00 5.834459e+00 6.599798e-08 6.593640e-08 7.134009e-07 7.155446e+00 7.194749e+00 7.155446e+00 -1.214042e-05 7.110960e+00 6.932879e+00 1.233951e-05
2.455964e+01 6.597234e+00 5.166746e+00 5.115522e-08 5.110749e-08 1.395313e-07 6.337403e+00 6.372213e+00 6.337403e+00 -1.075248e-05 6.298069e+00 6.139190e+00 1.029896e-05
2.625276e+01 5.842319e+00 4.574717e+00 3.964487e-08 3.960789e-08 2.290629e-07 5.612095e+00 5.642921e+00 5.612095e+00 -9.521868e-06 5.577328e+00 5.435462e+00 8.603093e-06
2.806260e+01 5.173093e+00 4.049877e+00 3.072010e-08 3.069145e-08 2.276596e-07 4.969113e+00 4.996408e+00 4.969113e+00 -8.430941e-06 4.938397e+00 4.811599e+00 7.193407e-06
2.999722e+01 4.579922e+00 3.584672e+00 2.380113e-08 2.377894e-08 1.382418e-07 4.399202e+00 4.423366e+00 4.399202e+00 -7.463990e-06 4.372076e+00 4.258621e+00 6.021327e-06
3.206520e+01 4.054241e+00 3.172389e+00 1.843794e-08 1.842075e-08 6.515933e-08 3.894133e+00 3.915523e+00 3.894133e+00 -6.607055e-06 3.870191e+00 3.768549e+00 5.046513e-06
3.427574e+01 3.588443e+00 2.807060e+00 1.428130e-08 1.426799e-08 1.144304e-07 3.446597e+00 3.465528e+00 3.446597e+00 -5.847734e-06 3.425476e+00 3.334288e+00 4.235470e-06
3.663868e+01 3.175764e+00 2.483385e+00 1.106022e-08 1.104992e-08 5.137278e-08 3.050097e+00 3.066851e+00 3.050097e+00 -5.175006e-06 3.031477e+00 2.949538e+00 3.560391e-06
3.916452e+01 2.810202e+00 2.196654e+00 8.564482e-09 8.556508e-09 4.797964e-08 2.698864e+00 2.713689e+00 2.698864e+00 -4.579079e-06 2.682460e+00 2.608703e+00 2.998196e-06
4.186449e+01 2.486420e+00 1.942686e+00 6.631010e-09 6.624838e-09 6.123578e-08 2.387774e+00 2.400889e+00 2.387774e+00 -4.051261e-06 2.373332e+00 2.306810e+00 2.529724e-06
4.475059e+01 2.199684e+00 1.717766e+00 5.133331e-09 5.128555e-09 9.718183e-10 2.112274e+00 2.123876e+00 2.112274e+00 -3.583830e-06 2.099572e+00 2.039444e+00 2.139078e-06
4.783565e+01 1.945788e+00 1.518597e+00 3.973378e-09 3.969683e-09 1.427415e-08 1.868327e+00 1.878589e+00 1.868327e+00 -3.169933e-06 1.857166e+00 1.802689e+00 1.813062e-06
5.113340e+01 1.721001e+00 1.342255e+00 3.075112e-09 3.072255e-09 3.649723e-08 1.652347e+00 1.661423e+00 1.652347e+00 -2.803486e-06 1.642551e+00 1.593065e+00 1.540729e-06
5.465849e+01 1.522010e+00 1.186141e+00 2.379588e-09 2.377379e-09 2.077241e-08 1.461151e+00 1.469177e+00 1.461151e+00 -2.479090e-06 1.452564e+00 1.407485e+00 1.312995e-06
5.842660e+01 1.345879e+00 1.047952e+00 1.841119e-09 1.839411e-09 1.977248e-08 1.291918e+00 1.299014e+00 1.291918e+00 -2.191957e-06 1.284402e+00 1.243213e+00 1.122322e-06
6.245448e+01 1.189999e+00 9.256444e-01 1.424293e-09 1.422973e-09 1.007953e-08 1.142141e+00 1.148415e+00 1.142141e+00 -1.937836e-06 1.135574e+00 1.097817e+00 9.624573e-07
6.676003e+01 1.052059e+00 8.174049e-01 1.101675e-09 1.100655e-09 1.031026e-08 1.009601e+00 1.015147e+00 1.009601e+00 -1.712960e-06 1.003874e+00 9.691435e-01 8.282116e-07
7.136241e+01 9.300086e-01 7.216260e-01 8.520041e-10 8.512165e-10 6.014375e-09 8.923279e-01 8.972293e-01 8.923279e-01 -1.513985e-06 8.873439e-01 8.552815e-01 7.152796e-07
7.628207e+01 8.220299e-01 6.368824e-01 6.588131e-10 6.582050e-10 5.940244e-09 7.885740e-01 7.929056e-01 7.885740e-01 -1.337949e-06 7.842487e-01 7.545370e-01 6.200890e-07
8.154089e+01 7.265114e-01 5.619106e-01 5.093453e-10 5.088761e-10 -1.363492e-09 6.967918e-01 7.006192e-01 6.967918e-01 -1.182225e-06 6.930496e-01 6.654083e-01 5.396751e-07
8.716224e+01 6.420246e-01 4.955907e-01 3.937213e-10 3.933593e-10 3.478632e-09 6.156086e-01 6.189900e-01 6.156086e-01 -1.044484e-06 6.123828e-01 5.865643e-01 4.715771e-07
9.317113e+01 5.673034e-01 4.369301e-01 3.042903e-10 3.040111e-10 2.069243e-09 5.438082e-01 5.467952e-01 5.438082e-01 -9.226626e-07 5.410396e-01 5.168253e-01 4.137524e-07
9.959426e+01 5.012262e-01 3.850494e-01 2.351287e-10 2.349135e-10 2.384310e-09 4.803129e-01 4.829512e-01 4.803129e-01 -8.149322e-07 4.779491e-01 4.551463e-01 3.645050e-07
1.064602e+02 4.427991e-01 3.391695e-01 1.816504e-10 1.814847e-10 3.887294e-09 4.241679e-01 4.264978e-01 4.241679e-01 -7.196726e-07 4.221625e-01 4.006016e-01 3.224259e-07
1.137995e+02 3.911416e-01 2.986004e-01 1.403055e-10 1.401779e-10 1.785661e-09 3.745274e-01 3.765846e-01 3.745274e-01 -6.354490e-07 3.728391e-01 3.523710e-01 2.863449e-07
1.216447e+02 3.454740e-01 2.627310e-01 1.083463e-10 1.082481e-10 1.294679e-09 3.306421e-01 3.324583e-01 3.306421e-01 -5.609903e-07 3.292347e-01 3.097284e-01 2.552890e-07
1.300308e+02 3.051058e-01 2.310200e-01 8.364624e-11 8.357079e-11 6.893979e-10 2.918488e-01 2.934518e-01 2.918488e-01 -4.951708e-07 2.906898e-01 2.720309e-01 2.284494e-07
1.389950e+02 2.694254e-01 2.029885e-01 6.456000e-11 6.450206e-11 6.431099e-10 2.575599e-01 2.589746e-01 2.575599e-01 -4.369940e-07 2.566208e-01 2.387095e-01 2.051527e-07
1.485772e+02 2.378914e-01 1.782124e-01 4.981447e-11 4.977001e-11 1.178999e-09 2.272554e-01 2.285037e-01 2.272554e-01 -3.855773e-07 2.265106e-01 2.092604e-01 1.848387e-07
1.588200e+02 2.100247e-01 1.563164e-01 3.842476e-11 3.839070e-11 5.366145e-10 2.004750e-01 2.015762e-01 2.004750e-01 -3.401398e-07 1.999020e-01 1.832381e-01 1.670403e-07
1.697689e+02 1.854009e-01 1.369685e-01 2.962909e-11 2.960301e-11 3.580725e-10 1.768111e-01 1.777823e-01 1.768111e-01 -2.999900e-07 1.763898e-01 1.602483e-01 1.513681e-07
1.814726e+02 1.636447e-01 1.198751e-01 2.283826e-11 2.281833e-11 3.253959e-10 1.559033e-01 1.567596e-01 1.559033e-01 -2.645162e-07 1.556157e-01 1.399426e-01 1.374971e-07
1.939831e+02 1.444239e-01 1.047763e-01 1.759664e-11 1.758143e-11 2.545784e-10 1.374323e-01 1.381872e-01 1.374323e-01 -2.331772e-07 1.372626e-01 1.220129e-01 1.251556e-07
2.073562e+02 1.274445e-01 9.144265e-02 1.355194e-11 1.354036e-11 9.156500e-11 1.211160e-01 1.217813e-01 1.211160e-01 -2.054938e-07 1.210500e-01 1.061867e-01 1.141165e-07
2.216511e+02 1.124465e-01 7.967118e-02 1.043182e-11 1.042302e-11 -1.497896e-10 1.067047e-01 1.072908e-01 1.067047e-01 -1.810426e-07 1.067295e-01 9.222361e-02 1.041898e-07
2.369315e+02 9.919986e-02 6.928261e-02 8.025741e-12 8.019066e-12 1.350345e-10 9.397758e-02 9.449378e-02 9.397758e-02 -1.594489e-07 9.408170e-02 7.991131e-02 9.521588e-08
2.532654e+02 8.750109e-02 6.011862e-02 6.170993e-12 6.165944e-12 8.505363e-12 8.273926e-02 8.319374e-02 8.273926e-02 -1.403812e-07 8.291239e-02 6.906238e-02 8.706122e-08
2.707253e+02 7.717030e-02 5.203945e-02 4.741840e-12 4.738032e-12 5.521242e-11 7.281716e-02 7.321713e-02 7.281716e-02 -1.235466e-07 7.304988e-02 5.951153e-02 7.961363e-08
2.893888e+02 6.804837e-02 4.492179e-02 3.641137e-12 3.638275e-12 4.554691e-11 6.405862e-02 6.441048e-02 6.405862e-02 -1.086863e-07 6.434236e-02 5.111304e-02 7.277904e-08
3.093391e+02 5.999463e-02 3.865692e-02 2.793839e-12 2.791696e-12 3.076143e-11 5.632873e-02 5.663814e-02 5.632873e-02 -9.557122e-08 5.665564e-02 4.373851e-02 6.647858e-08
3.306646e+02 5.288472e-02 3.314898e-02 2.141985e-12 2.140386e-12 2.291490e-12 4.950828e-02 4.978022e-02 4.950828e-02 -8.399916e-08 4.987109e-02 3.727483e-02 6.064636e-08
3.534603e+02 4.660871e-02 2.831354e-02 1.640815e-12 1.639628e-12 4.430810e-11 4.349192e-02 4.373082e-02 4.349192e-02 -7.379140e-08 4.388390e-02 3.162234e-02 5.522750e-08
3.778275e+02 4.106944e-02 2.407621e-02 1.255776e-12 1.254899e-12 9.420705e-12 3.818660e-02 3.839635e-02 3.818660e-02 -6.479003e-08 3.860141e-02 2.669324e-02 5.017667e-08
4.038747e+02 3.618107e-02 2.037149e-02 9.601945e-13 9.595504e-13 8.392360e-12 3.351010e-02 3.369417e-02 3.351010e-02 -5.685556e-08 3.394180e-02 2.241005e-02 4.545682e-08
4.317174e+02 3.186771e-02 1.714165e-02 7.334887e-13 7.330181e-13 -7.789108e-12 2.938981e-02 2.955125e-02 2.938981e-02 -4.986479e-08 2.983276e-02 1.870424e-02 4.103821e-08
4.614796e+02 2.806233e-02 1.433576e-02 5.597796e-13 5.594380e-13 -6.525206e-12 2.576159e-02 2.590309e-02 2.576159e-02 -4.370889e-08 2.621042e-02 1.551496e-02 3.689754e-08
4.932936e+02 2.470572e-02 1.190877e-02 4.268206e-13 4.265742e-13 2.020314e-11 2.256875e-02 2.269271e-02 2.256875e-02 -3.829170e-08 2.301836e-02 1.278787e-02 3.301730e-08
5.273008e+02 2.174555e-02 9.820716e-03 3.251696e-13 3.249930e-13 2.882887e-12 1.976119e-02 1.986973e-02 1.976119e-02 -3.352820e-08 2.020675e-02 1.047399e-02 2.938515e-08
5.636525e+02 1.913562e-02 8.035886e-03 2.475497e-13 2.474238e-13 3.310043e-12 1.729460e-02 1.738959e-02 1.729460e-02 -2.934321e-08 1.773153e-02 8.528680e-03 2.599331e-08
6.025102e+02 1.683510e-02 6.522134e-03 1.883547e-13 1.882655e-13 3.216182e-12 1.512973e-02 1.521284e-02 1.512973e-02 -2.567015e-08 1.555379e-02 6.910676e-03 2.283790e-08
6.440467e+02 1.480793e-02 5.250196e-03 1.432685e-13 1.432054e-13 4.710976e-12 1.323178e-02 1.330446e-02 1.323178e-02 -2.244996e-08 1.363908e-02 5.581226e-03 1.991831e-08
6.884467e+02 1.302223e-02 4.193079e-03 1.089698e-13 1.089252e-13 -3.200960e-12 1.156982e-02 1.163337e-02 1.156982e-02 -1.963016e-08 1.195693e-02 4.503381e-03 1.723627e-08
7.359076e+02 1.144983e-02 3.325516e-03 8.290527e-14 8.287374e-14 1.650096e-13 1.011628e-02 1.017185e-02 1.011628e-02 -1.716398e-08 1.048031e-02 3.641466e-03 1.479483e-08
7.866404e+02 1.006583e-02 2.623528e-03 6.311431e-14 6.309187e-14 4.088844e-13 8.846539e-03 8.895131e-03 8.846539e-03 -1.500965e-08 9.185239e-03 2.960839e-03 1.259713e-08
8.408707e+02 8.848181e-03 2.064110e-03 4.809339e-14 4.807728e-14 2.173965e-12 7.738518e-03 7.781024e-03 7.738518e-03 -1.312970e-08 8.050364e-03 2.427967e-03 1.064493e-08
8.988395e+02 7.777362e-03 1.625082e-03 3.669193e-14 3.668025e-14 4.031843e-13 6.772388e-03 6.809587e-03 6.772388e-03 -1.149050e-08 7.056669e-03 2.010905e-03 8.937072e-09
9.608047e+02 6.836073e-03 1.285144e-03 2.803172e-14 2.802319e-14 1.148038e-12 5.930318e-03 5.962893e-03 5.930318e-03 -1.006179e-08 6.187168e-03 1.680189e-03 7.467942e-09
1.027042e+03 6.008966e-03 1.024153e-03 2.144467e-14 2.143840e-14 -5.918077e-13 5.196296e-03 5.224838e-03 5.196296e-03 -8.816395e-09 5.426677e-03 1.410083e-03 6.226162e-09
1.097845e+03 5.282421e-03 8.236252e-04 1.642456e-14 1.641997e-14 1.179759e-12 4.556012e-03 4.581037e-03 4.556012e-03 -7.730044e-09 4.761627e-03 1.179999e-03 5.193855e-09
1.173530e+03 4.644340e-03 6.673831e-04 1.258962e-14 1.258630e-14 -9.477348e-13 3.996798e-03 4.018751e-03 3.996798e-03 -6.781243e-09 4.179916e-03 9.757672e-04 4.346795e-09
1.254432e+03 4.083992e-03 5.422542e-04 9.653164e-15 9.650809e-15 -3.604325e-13 3.507598e-03 3.526865e-03 3.507598e-03 -5.951234e-09 3.670810e-03 7.902964e-04 3.655724e-09
1.340911e+03 3.591867e-03 4.386127e-04 7.400590e-15 7.398964e-15 -3.981874e-13 3.078937e-03 3.095849e-03 3.078937e-03 -5.223938e-09 3.224858e-03 6.231284e-04 3.088963e-09
1.433352e+03 3.159563e-03 3.505443e-04 5.671271e-15 5.670180e-15 7.185656e-13 2.702849e-03 2.717695e-03 2.702849e-03 -4.585841e-09 2.833831e-03 4.785234e-04 2.616045e-09
1.532166e+03 2.779689e-03 2.754332e-04 4.344357e-15 4.343633e-15 2.927316e-13 2.372728e-03 2.385761e-03 2.372728e-03 -4.025735e-09 2.490643e-03 3.621424e-04 2.211661e-09
1.637792e+03 2.445766e-03 2.129029e-04 3.327887e-15 3.327402e-15 -1.242323e-13 2.083088e-03 2.094530e-03 2.083088e-03 -3.534310e-09 2.189251e-03 2.770857e-04 1.858734e-09
1.750700e+03 2.152146e-03 1.632965e-04 2.550790e-15 2.550452e-15 -3.432445e-13 1.829245e-03 1.839293e-03 1.829245e-03 -3.103624e-09 1.924511e-03 2.207768e-04 1.549318e-09
1.871392e+03 1.893908e-03 1.261709e-04 1.957378e-15 1.957131e-15 1.190608e-13 1.607010e-03 1.615837e-03 1.607010e-03 -2.726564e-09 1.692006e-03 1.844797e-04 1.282481e-09
2.000404e+03 1.666765e-03 9.945864e-05 1.503873e-15 1.503690e-15 3.201632e-13 1.412464e-03 1.420223e-03 1.412464e-03 -2.396484e-09 1.487875e-03 1.564635e-04 1.059608e-09
2.138310e+03 1.466968e-03 7.978631e-05 1.156308e-15 1.156177e-15 1.267717e-13 1.241938e-03 1.248759e-03 1.241938e-03 -2.107157e-09 1.308665e-03 1.277573e-04 8.792161e-10
2.285724e+03 1.291215e-03 6.383532e-05 8.890376e-16 8.889506e-16 -1.367957e-13 1.092145e-03 1.098144e-03 1.092145e-03 -1.853009e-09 1.151269e-03 9.693178e-05 7.343555e-10
2.443299e+03 1.136594e-03 4.983197e-05 6.832020e-16 6.831473e-16 5.278482e-14 9.603679e-04 9.656431e-04 9.603679e-04 -1.629427e-09 1.012928e-03 6.965754e-05 6.146246e-10
2.611738e+03 1.000539e-03 3.791916e-05 5.249247e-16 5.248889e-16 5.108329e-14 8.444771e-04 8.491156e-04 8.444771e-04 -1.432798e-09 8.912568e-04 5.213975e-05 5.114975e-10
2.791789e+03 8.807979e-04 2.894485e-05 4.035567e-16 4.035303e-16 1.681532e-13 7.427189e-04 7.467985e-04 7.427189e-04 -1.260148e-09 7.842348e-04 4.383455e-05 4.222158e-10
2.984252e+03 7.754050e-04 2.280080e-05 3.105289e-16 3.105090e-16 -1.226770e-13 6.534287e-04 6.570178e-04 6.534287e-04 -1.108652e-09 6.901229e-04 3.767129e-05 3.480673e-10
3.189984e+03 6.826391e-04 1.818692e-05 2.390082e-16 2.389950e-16 1.295910e-13 5.749604e-04 5.781185e-04 5.749604e-04 -9.755176e-10 6.073692e-04 2.869306e-05 2.888003e-10
3.409899e+03 6.009840e-04 1.406744e-05 1.838867e-16 1.838787e-16 1.151220e-13 5.058814e-04 5.086600e-04 5.058814e-04 -8.583133e-10 5.345724e-04 1.989766e-05 2.402934e-10
3.644974e+03 5.291023e-04 1.064327e-05 1.414732e-16 1.414677e-16 9.952996e-14 4.451021e-04 4.475470e-04 4.451021e-04 -7.551911e-10 4.705081e-04 1.576250e-05 1.986207e-10
3.896255e+03 4.658195e-04 8.304732e-06 1.089079e-16 1.089036e-16 -6.951762e-14 3.916993e-04 3.938509e-04 3.916993e-04 -6.645842e-10 4.141330e-04 1.382940e-05 1.635658e-10
4.164860e+03 4.101059e-04 6.570361e-06 8.385449e-17 8.385174e-17 7.641223e-14 3.447349e-04 3.466284e-04 3.447349e-04 -5.849010e-10 3.645305e-04 1.018163e-05 1.354507e-10
4.451981e+03 3.610554e-04 5.006363e-06 6.454615e-17 6.454444e-17 -3.567287e-14 3.033813e-04 3.050477e-04 3.033813e-04 -5.147376e-10 3.208752e-04 7.219949e-06 1.121630e-10
6.289314e+03 1.865798e-04 1.312751e-06 1.662539e-17 1.662528e-17 0.000000e+00 1.564159e-04 1.572752e-04 1.564159e-04 0.000000e+00 1.656277e-04 1.941374e-06 4.179603e-11
8.884912e+03 9.641737e-05 3.442250e-07 4.282268e-18 4.282324e-18 0.000000e+00 8.064415e-05 8.108725e-05 8.064415e-05 0.000000e+00 8.549285e-05 5.220161e-07 1.557473e-11
1.255171e+04 4.982485e-05 9.026146e-08 1.103001e-18 1.103037e-18 0.000000e+00 4.157813e-05 4.180661e-05 4.157813e-05 0.000000e+00 4.412925e-05 1.403649e-07 5.803717e-12
1.773180e+04 2.574760e-05 2.366804e-08 2.841043e-19 2.841193e-19 0.000000e+00 2.143666e-05 2.155447e-05 2.143666e-05 0.000000e+00 2.277841e-05 3.774274e-08 2.162678e-12
2.504972e+04 1.330539e-05 6.206149e-09 7.317789e-20 7.318320e-20 0.000000e+00 1.105221e-05 1.111296e-05 1.105221e-05 0.000000e+00 1.175764e-05 1.014865e-08 8.058930e-13
3.538773e+04 6.875722e-06 1.627355e-09 1.884872e-20 1.885046e-20 0.000000e+00 5.698247e-06 5.729570e-06 5.698247e-06 0.000000e+00 6.068997e-06 2.728871e-09 3.003053e-13
4.999224e+04 3.553113e-06 4.267191e-10 4.854941e-21 4.855485e-21 0.000000e+00 2.937875e-06 2.954027e-06 2.937875e-06 0.000000e+00 3.132663e-06 7.337662e-10 1.119047e-13
7.062402e+04 1.836115e-06 1.118928e-10 1.250507e-21 1.250671e-21 0.000000e+00 1.514696e-06 1.523024e-06 1.514696e-06 0.000000e+00 1.617002e-06 1.973024e-10 4.169981e-14
9.977054e+04 9.488346e-07 2.934013e-11 3.220980e-22 3.221468e-22 0.000000e+00 7.809398e-07 7.852341e-07 7.809398e-07 0.000000e+00 8.346556e-07 5.305267e-11 1.553888e-14
1.409458e+05 4.903219e-07 7.693465e-12 8.296407e-23 8.297829e-23 0.000000e+00 4.026333e-07 4.048476e-07 4.026333e-07 0.000000e+00 4.308282e-07 1.426534e-11 5.790355e-15
1.991141e+05 2.533798e-07 2.017353e-12 2.136939e-23 2.137347e-23 0.000000e+00 2.075878e-07 2.087295e-07 2.075878e-07 0.000000e+00 2.223827e-07 3.835807e-12 2.157699e-15
2.812885e+05 1.309371e-07 5.289832e-13 5.504199e-24 5.505360e-24 0.000000e+00 1.070271e-07 1.076159e-07 1.070271e-07 0.000000e+00 1.147883e-07 1.031410e-12 8.040376e-16
3.973762e+05 6.766336e-08 1.387081e-13 1.417738e-24 1.418066e-24 0.000000e+00 5.518054e-08 5.548411e-08 5.518054e-08 0.000000e+00 5.925084e-08 2.773360e-13 2.996139e-16
5.613733e+05 3.496587e-08 3.637154e-14 3.651726e-25 3.652640e-25 0.000000e+00 2.844972e-08 2.860625e-08 2.844972e-08 0.000000e+00 3.058379e-08 7.457290e-14 1.116471e-16
7.930519e+05 1.806904e-08 9.537218e-15 9.405896e-26 9.408438e-26 0.000000e+00 1.466797e-08 1.474869e-08 1.466797e-08 0.000000e+00 1.578658e-08 2.005191e-14 4.160381e-17
1.120344e+06 9.337396e-09 2.500815e-15 2.422714e-26 2.423417e-26 0.000000e+00 7.562445e-09 7.604063e-09 7.562445e-09 0.000000e+00 8.148635e-09 5.391760e-15 1.550310e-17
1.582710e+06 4.825213e-09 6.557550e-16 6.240282e-27 6.242216e-27 0.000000e+00 3.899010e-09 3.920470e-09 3.899010e-09 0.000000e+00 4.206120e-09 1.449791e-15 5.777025e-18
2.235894e+06 2.493488e-09 1.719497e-16 1.607335e-27 1.607864e-27 0.000000e+00 2.010233e-09 2.021299e-09 2.010233e-09 0.000000e+00 2.171093e-09 3.898344e-16 2.152731e-18
3.158648e+06 1.288540e-09 4.508805e-17 4.140076e-28 4.141522e-28 0.000000e+00 1.036427e-09 1.042132e-09 1.036427e-09 0.000000e+00 1.120663e-09 1.048226e-16 8.021865e-19
4.462221e+06 6.658690e-10 1.182283e-17 1.066376e-28 1.066770e-28 0.000000e+00 5.343559e-10 5.372980e-10 5.343559e-10 0.000000e+00 5.784582e-10 2.818575e-17 2.989241e-19
6.303778e+06 3.440959e-10 3.100140e-18 2.746707e-29 2.747775e-29 0.000000e+00 2.755007e-10 2.770177e-10 2.755007e-10 0.000000e+00 2.985856e-10 7.578869e-18 1.113901e-19
8.905346e+06 1.778158e-10 8.129078e-19 7.074803e-30 7.077695e-30 0.000000e+00 1.420414e-10 1.428236e-10 1.420414e-10 0.000000e+00 1.541223e-10 2.037883e-18 4.150803e-20
1.258058e+07 9.188847e-11 2.131578e-19 1.822285e-30 1.823066e-30 0.000000e+00 7.323302e-11 7.363636e-11 7.323302e-11 0.000000e+00 7.955407e-11 5.479664e-19 1.546741e-20
1.777258e+07 4.748449e-11 5.589349e-20 4.693734e-31 4.695837e-31 0.000000e+00 3.775714e-11 3.796511e-11 3.775714e-11 0.000000e+00 4.106380e-11 1.473427e-19 5.763725e-21
2.510733e+07 2.453819e-11 1.465619e-20 1.208984e-31 1.209550e-31 0.000000e+00 1.946665e-11 1.957388e-11 1.946665e-11 0.000000e+00 2.119610e-11 3.961900e-20 2.147775e-21
3.546911e+07 1.268041e-11 3.843095e-21 3.114028e-32 3.115547e-32 0.000000e+00 1.003652e-11 1.009182e-11 1.003652e-11 0.000000e+00 1.094089e-11 1.065315e-20 8.003397e-22
5.010721e+07 6.552756e-12 1.007723e-21 8.020926e-33 8.024997e-33 0.000000e+00 5.174583e-12 5.203095e-12 5.174583e-12 0.000000e+00 5.647413e-12 2.864528e-21 2.982359e-22
7.078645e+07 3.386217e-12 2.642415e-22 2.065982e-33 2.067072e-33 0.000000e+00 2.667887e-12 2.682589e-12 2.667887e-12 0.000000e+00 2.915052e-12 7.702430e-22 1.111336e-22
1.000000e+08 1.749869e-12 6.928846e-23 5.321433e-34 5.324344e-34 0.000000e+00 1.375497e-12 1.383077e-12 1.375497e-12 0.000000e+00 1.504676e-12 2.071107e-22 4.141246e-23
