# z=30.0
# H0:67.4 omega_m:0.314885968880016 omega_b:0.049309230511847414 omega_nu:0.0014201463404145906 w:-1.0 wa:0.0 sigma8(z=0):0.03365144806932789
# koh d_cdm d_b d_gamma d_neutrino d_nu d_tot d_nonu d_tot_de Weyl v_newt_cdm v_newt_b v_b_cdm
1.048503e-05 7.977023e+05 7.977023e+05 1.063585e+06 1.063584e+06 8.202956e+05 7.978089e+05 7.977023e+05 8.061354e+05 -6.017426e-01 7.957504e+05 7.957504e+05 1.356123e-01
1.157745e-05 7.977022e+05 7.977022e+05 1.063581e+06 1.063580e+06 8.202944e+05 7.978088e+05 7.977022e+05 8.061353e+05 -6.017425e-01 7.957503e+05 7.957503e+05 1.497415e-01
1.278368e-05 7.977021e+05 7.977021e+05 1.063576e+06 1.063575e+06 8.202929e+05 7.978087e+05 7.977021e+05 8.061352e+05 -6.017424e-01 7.957502e+05 7.957502e+05 1.653428e-01
1.411559e-05 7.977020e+05 7.977020e+05 1.063570e+06 1.063568e+06 8.202911e+05 7.978086e+05 7.977020e+05 8.061350e+05 -6.017422e-01 7.957501e+05 7.957501e+05 1.825695e-01
1.558627e-05 7.977018e+05 7.977018e+05 1.063562e+06 1.063561e+06 8.202889e+05 7.978084e+05 7.977018e+05 8.061348e+05 -6.017420e-01 7.957499e+05 7.957499e+05 2.015910e-01
1.721018e-05 7.977017e+05 7.977016e+05 1.063553e+06 1.063551e+06 8.202862e+05 7.978082e+05 7.977017e+05 8.061344e+05 -6.017419e-01 7.957498e+05 7.957498e+05 2.225943e-01
1.900328e-05 7.977014e+05 7.977014e+05 1.063542e+06 1.063540e+06 8.202831e+05 7.978079e+05 7.977014e+05 8.061341e+05 -6.017416e-01 7.957496e+05 7.957496e+05 2.457858e-01
2.098320e-05 7.977012e+05 7.977011e+05 1.063528e+06 1.063526e+06 8.202791e+05 7.978077e+05 7.977012e+05 8.061337e+05 -6.017413e-01 7.957492e+05 7.957492e+05 2.713936e-01
2.316941e-05 7.977008e+05 7.977008e+05 1.063512e+06 1.063509e+06 8.202742e+05 7.978073e+05 7.977008e+05 8.061332e+05 -6.017409e-01 7.957489e+05 7.957489e+05 2.996694e-01
2.558339e-05 7.977004e+05 7.977004e+05 1.063492e+06 1.063488e+06 8.202683e+05 7.978069e+05 7.977004e+05 8.061326e+05 -6.017404e-01 7.957485e+05 7.957485e+05 3.308910e-01
2.824888e-05 7.976998e+05 7.976998e+05 1.063467e+06 1.063462e+06 8.202611e+05 7.978063e+05 7.976998e+05 8.061319e+05 -6.017398e-01 7.957480e+05 7.957480e+05 3.653654e-01
3.119209e-05 7.976992e+05 7.976992e+05 1.063437e+06 1.063432e+06 8.202524e+05 7.978056e+05 7.976992e+05 8.061310e+05 -6.017391e-01 7.957473e+05 7.957473e+05 4.034314e-01
3.444194e-05 7.976985e+05 7.976984e+05 1.063401e+06 1.063394e+06 8.202418e+05 7.978049e+05 7.976984e+05 8.061299e+05 -6.017382e-01 7.957466e+05 7.957466e+05 4.454632e-01
3.803039e-05 7.976975e+05 7.976974e+05 1.063356e+06 1.063348e+06 8.202286e+05 7.978038e+05 7.976975e+05 8.061286e+05 -6.017371e-01 7.957456e+05 7.957456e+05 4.918737e-01
4.199271e-05 7.976964e+05 7.976962e+05 1.063302e+06 1.063292e+06 8.202128e+05 7.978026e+05 7.976964e+05 8.061269e+05 -6.017359e-01 7.957445e+05 7.957445e+05 5.431193e-01
4.636787e-05 7.976951e+05 7.976949e+05 1.063236e+06 1.063223e+06 8.201934e+05 7.978012e+05 7.976951e+05 8.061249e+05 -6.017343e-01 7.957431e+05 7.957431e+05 5.997034e-01
5.119886e-05 7.976934e+05 7.976931e+05 1.063156e+06 1.063140e+06 8.201699e+05 7.977994e+05 7.976934e+05 8.061225e+05 -6.017324e-01 7.957414e+05 7.957414e+05 6.621819e-01
5.653318e-05 7.976914e+05 7.976911e+05 1.063057e+06 1.063038e+06 8.201411e+05 7.977972e+05 7.976913e+05 8.061195e+05 -6.017300e-01 7.957394e+05 7.957393e+05 7.311688e-01
6.242328e-05 7.976888e+05 7.976885e+05 1.062938e+06 1.062914e+06 8.201060e+05 7.977946e+05 7.976888e+05 8.061159e+05 -6.017272e-01 7.957369e+05 7.957368e+05 8.073416e-01
6.892706e-05 7.976858e+05 7.976853e+05 1.062792e+06 1.062763e+06 8.200632e+05 7.977913e+05 7.976858e+05 8.061115e+05 -6.017237e-01 7.957338e+05 7.957338e+05 8.914486e-01
7.610846e-05 7.976821e+05 7.976815e+05 1.062614e+06 1.062579e+06 8.200112e+05 7.977874e+05 7.976819e+05 8.061061e+05 -6.017194e-01 7.957301e+05 7.957299e+05 9.843155e-01
8.403807e-05 7.976776e+05 7.976769e+05 1.062397e+06 1.062355e+06 8.199476e+05 7.977825e+05 7.976774e+05 8.060996e+05 -6.017143e-01 7.957255e+05 7.957254e+05 1.086854e+00
9.279386e-05 7.976721e+05 7.976712e+05 1.062132e+06 1.062081e+06 8.198701e+05 7.977767e+05 7.976719e+05 8.060916e+05 -6.017080e-01 7.957199e+05 7.957198e+05 1.200070e+00
1.024619e-04 7.976653e+05 7.976643e+05 1.061810e+06 1.061748e+06 8.197756e+05 7.977695e+05 7.976651e+05 8.060819e+05 -6.017004e-01 7.957132e+05 7.957131e+05 1.325075e+00
1.131372e-04 7.976571e+05 7.976559e+05 1.061417e+06 1.061341e+06 8.196606e+05 7.977607e+05 7.976569e+05 8.060701e+05 -6.016909e-01 7.957049e+05 7.957048e+05 1.463094e+00
1.249248e-04 7.976471e+05 7.976457e+05 1.060938e+06 1.060845e+06 8.195202e+05 7.977501e+05 7.976469e+05 8.060556e+05 -6.016795e-01 7.956949e+05 7.956947e+05 1.615480e+00
1.379405e-04 7.976349e+05 7.976331e+05 1.060355e+06 1.060242e+06 8.193491e+05 7.977371e+05 7.976346e+05 8.060381e+05 -6.016656e-01 7.956826e+05 7.956824e+05 1.783725e+00
1.523123e-04 7.976201e+05 7.976179e+05 1.059644e+06 1.059506e+06 8.191406e+05 7.977213e+05 7.976198e+05 8.060166e+05 -6.016487e-01 7.956676e+05 7.956674e+05 1.969475e+00
1.681815e-04 7.976019e+05 7.975993e+05 1.058777e+06 1.058609e+06 8.188865e+05 7.977020e+05 7.976015e+05 8.059904e+05 -6.016279e-01 7.956494e+05 7.956491e+05 2.174546e+00
1.857041e-04 7.975799e+05 7.975766e+05 1.057722e+06 1.057517e+06 8.185768e+05 7.976784e+05 7.975794e+05 8.059586e+05 -6.016028e-01 7.956272e+05 7.956268e+05 2.400939e+00
2.050523e-04 7.975530e+05 7.975490e+05 1.056436e+06 1.056187e+06 8.181994e+05 7.976498e+05 7.975524e+05 8.059197e+05 -6.015721e-01 7.956001e+05 7.955996e+05 2.650861e+00
2.264163e-04 7.975202e+05 7.975153e+05 1.054871e+06 1.054568e+06 8.177397e+05 7.976148e+05 7.975194e+05 8.058724e+05 -6.015347e-01 7.955671e+05 7.955665e+05 2.926744e+00
2.500063e-04 7.974802e+05 7.974742e+05 1.052965e+06 1.052596e+06 8.171796e+05 7.975722e+05 7.974792e+05 8.058147e+05 -6.014890e-01 7.955269e+05 7.955261e+05 3.231264e+00
2.760540e-04 7.974315e+05 7.974242e+05 1.050646e+06 1.050198e+06 8.164974e+05 7.975203e+05 7.974304e+05 8.057444e+05 -6.014335e-01 7.954778e+05 7.954769e+05 3.567369e+00
3.048156e-04 7.973721e+05 7.973634e+05 1.047824e+06 1.047279e+06 8.156667e+05 7.974571e+05 7.973708e+05 8.056589e+05 -6.013657e-01 7.954181e+05 7.954169e+05 3.938302e+00
3.365739e-04 7.972998e+05 7.972891e+05 1.044393e+06 1.043732e+06 8.146554e+05 7.973800e+05 7.972981e+05 8.055546e+05 -6.012833e-01 7.953452e+05 7.953439e+05 4.347623e+00
3.716409e-04 7.972116e+05 7.971986e+05 1.040223e+06 1.039421e+06 8.134248e+05 7.972861e+05 7.972096e+05 8.054278e+05 -6.011830e-01 7.952565e+05 7.952548e+05 4.799246e+00
4.103616e-04 7.971042e+05 7.970884e+05 1.035160e+06 1.034187e+06 8.119277e+05 7.971717e+05 7.971018e+05 8.052732e+05 -6.010608e-01 7.951484e+05 7.951463e+05 5.297458e+00
4.531165e-04 7.969735e+05 7.969541e+05 1.029017e+06 1.027840e+06 8.101074e+05 7.970325e+05 7.969705e+05 8.050854e+05 -6.009122e-01 7.950168e+05 7.950142e+05 5.846955e+00
5.003259e-04 7.968143e+05 7.967906e+05 1.021572e+06 1.020149e+06 8.078956e+05 7.968629e+05 7.968106e+05 8.048569e+05 -6.007314e-01 7.948563e+05 7.948532e+05 6.452867e+00
5.524541e-04 7.966205e+05 7.965916e+05 1.012560e+06 1.010844e+06 8.052100e+05 7.966566e+05 7.966160e+05 8.045794e+05 -6.005116e-01 7.946611e+05 7.946573e+05 7.120786e+00
6.100134e-04 7.963848e+05 7.963496e+05 1.001671e+06 9.996047e+05 8.019520e+05 7.964054e+05 7.963792e+05 8.042422e+05 -6.002446e-01 7.944234e+05 7.944188e+05 7.856793e+00
6.735697e-04 7.960979e+05 7.960551e+05 9.885376e+05 9.860580e+05 7.980040e+05 7.961002e+05 7.960912e+05 8.038331e+05 -5.999206e-01 7.941342e+05 7.941286e+05 8.667475e+00
7.437478e-04 7.957493e+05 7.956970e+05 9.727363e+05 9.697712e+05 7.932262e+05 7.957292e+05 7.957411e+05 8.033372e+05 -5.995275e-01 7.937826e+05 7.937758e+05 9.559937e+00
8.212376e-04 7.953258e+05 7.952621e+05 9.537809e+05 9.502506e+05 7.874539e+05 7.952787e+05 7.953158e+05 8.027368e+05 -5.990515e-01 7.933551e+05 7.933469e+05 1.054180e+01
9.068010e-04 7.948118e+05 7.947341e+05 9.311238e+05 9.269432e+05 7.804939e+05 7.947320e+05 7.947995e+05 8.020111e+05 -5.984756e-01 7.928359e+05 7.928259e+05 1.162120e+01
1.001279e-03 7.941882e+05 7.940936e+05 9.041616e+05 8.992439e+05 7.721221e+05 7.940694e+05 7.941734e+05 8.011356e+05 -5.977803e-01 7.922059e+05 7.921936e+05 1.280674e+01
1.105601e-03 7.934331e+05 7.933177e+05 8.722505e+05 8.665130e+05 7.620821e+05 7.932671e+05 7.934149e+05 8.000816e+05 -5.969424e-01 7.914419e+05 7.914270e+05 1.410742e+01
1.220791e-03 7.925196e+05 7.923789e+05 8.347338e+05 8.281084e+05 7.500853e+05 7.922973e+05 7.924974e+05 7.988159e+05 -5.959353e-01 7.905168e+05 7.904986e+05 1.553257e+01
1.347984e-03 7.914164e+05 7.912451e+05 7.909889e+05 7.834361e+05 7.358141e+05 7.911272e+05 7.913895e+05 7.973010e+05 -5.947282e-01 7.893981e+05 7.893761e+05 1.709171e+01
1.488428e-03 7.900869e+05 7.898781e+05 7.404992e+05 7.320279e+05 7.189279e+05 7.897184e+05 7.900540e+05 7.954947e+05 -5.932868e-01 7.880478e+05 7.880211e+05 1.879435e+01
1.643505e-03 7.884884e+05 7.882341e+05 6.829568e+05 6.736497e+05 6.990796e+05 7.880267e+05 7.884484e+05 7.933504e+05 -5.915727e-01 7.864215e+05 7.863891e+05 2.064984e+01
1.814739e-03 7.865720e+05 7.862624e+05 6.184009e+05 6.084449e+05 6.759366e+05 7.860015e+05 7.865233e+05 7.908182e+05 -5.895450e-01 7.844678e+05 7.844285e+05 2.266704e+01
2.003814e-03 7.842825e+05 7.839056e+05 5.473905e+05 5.371080e+05 6.492163e+05 7.835862e+05 7.842232e+05 7.878462e+05 -5.871602e-01 7.821282e+05 7.820806e+05 2.485414e+01
2.212588e-03 7.815582e+05 7.810994e+05 4.711985e+05 4.610714e+05 6.187336e+05 7.807180e+05 7.814860e+05 7.843819e+05 -5.843751e-01 7.793371e+05 7.792796e+05 2.721841e+01
2.443114e-03 7.783318e+05 7.777736e+05 3.919936e+05 3.826665e+05 5.844640e+05 7.773296e+05 7.782440e+05 7.803754e+05 -5.811484e-01 7.760222e+05 7.759528e+05 2.976604e+01
2.697658e-03 7.745317e+05 7.738528e+05 3.129482e+05 3.051894e+05 5.466179e+05 7.733499e+05 7.744249e+05 7.757808e+05 -5.774437e-01 7.721066e+05 7.720228e+05 3.250225e+01
2.978722e-03 7.700839e+05 7.692586e+05 2.381714e+05 2.327661e+05 5.057177e+05 7.687072e+05 7.699541e+05 7.705585e+05 -5.732322e-01 7.675101e+05 7.674092e+05 3.543158e+01
3.289070e-03 7.649149e+05 7.639122e+05 1.723395e+05 1.698969e+05 4.626606e+05 7.633318e+05 7.647572e+05 7.646749e+05 -5.684944e-01 7.621541e+05 7.620328e+05 3.855862e+01
3.631753e-03 7.589544e+05 7.577369e+05 1.199046e+05 1.205864e+05 4.187360e+05 7.571584e+05 7.587628e+05 7.580988e+05 -5.632204e-01 7.559649e+05 7.558195e+05 4.188905e+01
4.010139e-03 7.521383e+05 7.506612e+05 8.386264e+04 8.710482e+04 3.755611e+05 7.501301e+05 7.519059e+05 7.507947e+05 -5.574057e-01 7.488797e+05 7.487056e+05 4.543092e+01
4.427949e-03 7.444111e+05 7.426207e+05 6.431723e+04 6.870795e+04 3.348922e+05 7.421984e+05 7.441295e+05 7.427128e+05 -5.510435e-01 7.408501e+05 7.406418e+05 4.919569e+01
4.889290e-03 7.357258e+05 7.335576e+05 5.747517e+04 6.102742e+04 2.983005e+05 7.333224e+05 7.353848e+05 7.337811e+05 -5.441137e-01 7.318435e+05 7.315949e+05 5.319829e+01
5.398697e-03 7.260416e+05 7.234187e+05 5.608909e+04 5.707648e+04 2.667568e+05 7.234638e+05 7.256290e+05 7.239053e+05 -5.365725e-01 7.218404e+05 7.215439e+05 5.745542e+01
5.961178e-03 7.153193e+05 7.121505e+05 5.220892e+04 5.035177e+04 2.402695e+05 7.125817e+05 7.148209e+05 7.129858e+05 -5.283506e-01 7.108244e+05 7.104712e+05 6.198172e+01
6.582264e-03 7.035391e+05 6.997162e+05 4.175080e+04 3.886573e+04 2.206229e+05 7.006619e+05 7.029378e+05 7.009816e+05 -5.193904e-01 6.988032e+05 6.983830e+05 6.678484e+01
7.268059e-03 6.906169e+05 6.860126e+05 2.781746e+04 2.670073e+04 1.996623e+05 6.875795e+05 6.898927e+05 6.877945e+05 -5.095720e-01 6.856668e+05 6.851678e+05 7.186113e+01
8.025306e-03 6.765122e+05 6.709772e+05 1.822519e+04 1.979095e+04 1.778686e+05 6.732928e+05 6.756416e+05 6.734393e+05 -4.988677e-01 6.713657e+05 6.707736e+05 7.719572e+01
8.861450e-03 6.611857e+05 6.545467e+05 1.668069e+04 1.797696e+04 1.568145e+05 6.577664e+05 6.601414e+05 6.579002e+05 -4.872762e-01 6.558424e+05 6.551415e+05 8.276447e+01
9.784710e-03 6.445882e+05 6.366460e+05 1.709566e+04 1.437271e+04 1.365396e+05 6.409476e+05 6.433389e+05 6.410746e+05 -4.747587e-01 6.390501e+05 6.382222e+05 8.853276e+01
1.080416e-02 6.266698e+05 6.171976e+05 1.247682e+04 1.145873e+04 1.175506e+05 6.227846e+05 6.251798e+05 6.228796e+05 -4.612603e-01 6.209318e+05 6.199566e+05 9.444582e+01
1.192983e-02 6.073844e+05 5.961290e+05 7.430634e+03 9.106495e+03 1.009166e+05 6.032325e+05 6.056139e+05 6.032948e+05 -4.467349e-01 6.014426e+05 6.002978e+05 1.004171e+02
1.317278e-02 5.866928e+05 5.733767e+05 7.681000e+03 7.210250e+03 8.686867e+04 5.822496e+05 5.845981e+05 5.823085e+05 -4.311608e-01 5.805352e+05 5.791968e+05 1.063256e+02
1.454523e-02 5.645608e+05 5.488892e+05 6.342706e+03 5.686158e+03 7.402382e+04 5.597926e+05 5.620956e+05 5.598407e+05 -4.145085e-01 5.581686e+05 5.566116e+05 1.120126e+02
1.606067e-02 5.409681e+05 5.226408e+05 3.709374e+03 4.464380e+03 6.145227e+04 5.358361e+05 5.380851e+05 5.358670e+05 -3.967477e-01 5.343220e+05 5.325221e+05 1.172675e+02
1.773401e-02 5.159157e+05 4.946460e+05 4.116653e+03 3.487433e+03 5.086938e+04 5.103913e+05 5.125699e+05 5.104220e+05 -3.778919e-01 5.089948e+05 5.069303e+05 1.218203e+02
1.958169e-02 4.894423e+05 4.649865e+05 2.284294e+03 2.709468e+03 4.246661e+04 4.835044e+05 4.855953e+05 4.835233e+05 -3.579724e-01 4.822332e+05 4.798876e+05 1.253416e+02
2.162187e-02 4.616402e+05 4.338376e+05 2.435798e+03 2.092058e+03 3.441298e+04 4.552715e+05 4.572667e+05 4.552897e+05 -3.370599e-01 4.541373e+05 4.515040e+05 1.274384e+02
2.387462e-02 4.326768e+05 4.015042e+05 1.395290e+03 1.604787e+03 2.803984e+04 4.258870e+05 4.277732e+05 4.258985e+05 -3.152974e-01 4.248913e+05 4.219784e+05 1.276687e+02
2.636207e-02 4.028212e+05 3.684579e+05 1.252179e+03 1.222396e+03 2.236207e+04 3.956460e+05 3.974157e+05 3.956557e+05 -2.929035e-01 3.947898e+05 3.916263e+05 1.255660e+02
2.910870e-02 3.724679e+05 3.353694e+05 1.045682e+03 9.246041e+02 1.771630e+04 3.649858e+05 3.666322e+05 3.649937e+05 -2.702006e-01 3.642619e+05 3.609045e+05 1.206895e+02
3.214148e-02 3.421526e+05 3.031172e+05 7.017767e+02 6.947778e+02 1.387667e+04 3.344922e+05 3.360122e+05 3.344977e+05 -2.476226e-01 3.338870e+05 3.304252e+05 1.127020e+02
3.549025e-02 3.125442e+05 2.727542e+05 4.823376e+02 5.192894e+02 1.084062e+04 3.048910e+05 3.062851e+05 3.048949e+05 -2.257065e-01 3.043826e+05 3.009408e+05 1.014788e+02
3.918792e-02 2.844007e+05 2.454016e+05 3.819319e+02 3.868925e+02 8.347703e+03 2.769924e+05 2.782660e+05 2.769954e+05 -2.050518e-01 2.765519e+05 2.732847e+05 8.724153e+01
4.327085e-02 2.584682e+05 2.220466e+05 3.054141e+02 2.882309e+02 6.430241e+03 2.515767e+05 2.527389e+05 2.515791e+05 -1.862355e-01 2.511700e+05 2.482467e+05 7.069209e+01
4.759793e-02 2.360839e+05 2.038095e+05 2.178453e+02 2.177936e+02 5.006027e+03 2.299406e+05 2.310070e+05 2.299423e+05 -1.702176e-01 2.295338e+05 2.270876e+05 5.377552e+01
5.192502e-02 2.182049e+05 1.908395e+05 1.695786e+02 1.695383e+02 4.005868e+03 2.129098e+05 2.139002e+05 2.129112e+05 -1.576095e-01 2.124820e+05 2.105559e+05 3.881519e+01
5.625210e-02 2.035245e+05 1.811098e+05 1.351795e+02 1.351474e+02 3.268585e+03 1.990703e+05 1.999986e+05 1.990714e+05 -1.473640e-01 1.986147e+05 1.971789e+05 2.670745e+01
6.057919e-02 1.910522e+05 1.730162e+05 1.097490e+02 1.097228e+02 2.706030e+03 1.873398e+05 1.882151e+05 1.873406e+05 -1.386799e-01 1.868620e+05 1.858294e+05 1.783711e+01
6.490627e-02 1.800402e+05 1.653829e+05 9.031539e+01 9.029388e+01 2.256731e+03 1.769065e+05 1.777346e+05 1.769072e+05 -1.309563e-01 1.764213e+05 1.756686e+05 1.213531e+01
6.923336e-02 1.698460e+05 1.573625e+05 7.499292e+01 7.497506e+01 1.899066e+03 1.670991e+05 1.678823e+05 1.670997e+05 -1.236960e-01 1.666251e+05 1.660174e+05 9.185365e+00
7.356045e-02 1.599696e+05 1.484716e+05 6.258126e+01 6.256636e+01 1.605102e+03 1.574222e+05 1.581609e+05 1.574227e+05 -1.165324e-01 1.569778e+05 1.563911e+05 8.345560e+00
7.788753e-02 1.502272e+05 1.387285e+05 5.237042e+01 5.235795e+01 1.354098e+03 1.477245e+05 1.484184e+05 1.477249e+05 -1.093535e-01 1.473240e+05 1.466633e+05 8.876588e+00
8.221462e-02 1.406958e+05 1.285359e+05 4.393444e+01 4.392398e+01 1.146962e+03 1.381336e+05 1.387830e+05 1.381339e+05 -1.022537e-01 1.377852e+05 1.369949e+05 1.005883e+01
8.654170e-02 1.315840e+05 1.184785e+05 3.698757e+01 3.697878e+01 9.764342e+02 1.289159e+05 1.295224e+05 1.289162e+05 -9.543023e-02 1.286205e+05 1.276871e+05 1.128576e+01
9.086879e-02 1.230964e+05 1.091161e+05 3.129993e+01 3.129249e+01 8.279533e+02 1.203307e+05 1.208972e+05 1.203309e+05 -8.907496e-02 1.200829e+05 1.190301e+05 1.212335e+01
9.625112e-02 1.136493e+05 9.908740e+04 2.568465e+01 2.567855e+01 6.936434e+02 1.108365e+05 1.113587e+05 1.108367e+05 -8.204681e-02 1.106327e+05 1.095034e+05 1.227610e+01
1.016334e-01 1.056354e+05 9.130862e+04 2.138231e+01 2.137724e+01 5.797272e+02 1.028967e+05 1.033818e+05 1.028969e+05 -7.616930e-02 1.027163e+05 1.016102e+05 1.138843e+01
1.070158e-01 9.911777e+04 8.584104e+04 1.810310e+01 1.809881e+01 4.935358e+02 9.657379e+04 9.702930e+04 9.657393e+04 -7.148872e-02 9.639778e+04 9.540526e+04 9.704779e+00
1.123981e-01 9.391137e+04 8.226246e+04 1.557983e+01 1.557613e+01 4.284958e+02 9.164649e+04 9.207896e+04 9.164662e+04 -6.784125e-02 9.146140e+04 9.064040e+04 7.643222e+00
1.177804e-01 8.962716e+04 7.981689e+04 1.358000e+01 1.357677e+01 3.752605e+02 8.767012e+04 8.808397e+04 8.767022e+04 -6.489770e-02 8.747041e+04 8.683524e+04 5.643023e+00
1.231628e-01 8.582962e+04 7.769333e+04 1.192660e+01 1.192376e+01 3.313373e+02 8.415236e+04 8.454976e+04 8.415245e+04 -6.229366e-02 8.394034e+04 8.346417e+04 4.045476e+00
1.285451e-01 8.216871e+04 7.525961e+04 1.050314e+01 1.050064e+01 2.932080e+02 8.070068e+04 8.108188e+04 8.070077e+04 -5.973854e-02 8.048430e+04 8.011215e+04 3.029438e+00
1.339274e-01 7.843926e+04 7.218117e+04 9.243942e+00 9.241740e+00 2.591912e+02 7.709059e+04 7.745484e+04 7.709066e+04 -5.706615e-02 7.688027e+04 7.654709e+04 2.603045e+00
1.393097e-01 7.458677e+04 6.843623e+04 8.119209e+00 8.117277e+00 2.286194e+02 7.327297e+04 7.361927e+04 7.327303e+04 -5.424015e-02 7.307821e+04 7.272684e+04 2.639228e+00
1.446921e-01 7.067051e+04 6.424448e+04 7.119250e+00 7.117557e+00 2.011131e+02 6.933192e+04 6.965967e+04 6.933198e+04 -5.132279e-02 6.915882e+04 6.875279e+04 2.936379e+00
1.500744e-01 6.681473e+04 5.995616e+04 6.242380e+00 6.240896e+00 1.768047e+02 6.542651e+04 6.573586e+04 6.542656e+04 -4.843181e-02 6.527654e+04 6.480560e+04 3.283586e+00
1.554567e-01 6.317939e+04 5.595435e+04 5.488644e+00 5.487340e+00 1.569866e+02 6.175086e+04 6.204287e+04 6.175089e+04 -4.571091e-02 6.162107e+04 6.109913e+04 3.513182e+00
1.608391e-01 5.992531e+04 5.256397e+04 4.855497e+00 4.854344e+00 1.387821e+02 5.849071e+04 5.876735e+04 5.849074e+04 -4.329759e-02 5.837514e+04 5.783238e+04 3.531045e+00
1.662214e-01 5.714876e+04 4.995405e+04 4.333112e+00 4.332083e+00 1.244616e+02 5.575327e+04 5.601701e+04 5.575331e+04 -4.127120e-02 5.564480e+04 5.511695e+04 3.322831e+00
1.716037e-01 5.483546e+04 4.808832e+04 3.903314e+00 3.902387e+00 1.113144e+02 5.352090e+04 5.377411e+04 5.352093e+04 -3.961869e-02 5.341314e+04 5.293107e+04 2.939551e+00
1.769861e-01 5.288559e+04 4.677184e+04 3.544266e+00 3.543424e+00 1.012807e+02 5.167935e+04 5.192388e+04 5.167938e+04 -3.825548e-02 5.156809e+04 5.115034e+04 2.469886e+00
1.823684e-01 5.117560e+04 4.574973e+04 3.236266e+00 3.235497e+00 9.263042e+01 5.008508e+04 5.032209e+04 5.008511e+04 -3.707532e-02 4.996892e+04 4.961874e+04 2.009217e+00
1.877507e-01 4.958669e+04 4.477536e+04 2.963713e+00 2.963009e+00 8.484466e+01 4.859985e+04 4.882985e+04 4.859987e+04 -3.597588e-02 4.848003e+04 4.818680e+04 1.634228e+00
1.931330e-01 4.801174e+04 4.364929e+04 2.715042e+00 2.714396e+00 7.776115e+01 4.710257e+04 4.732551e+04 4.710259e+04 -3.486751e-02 4.698216e+04 4.672602e+04 1.387782e+00
1.985154e-01 4.637735e+04 4.225932e+04 2.483251e+00 2.482660e+00 7.129166e+01 4.551412e+04 4.572957e+04 4.551414e+04 -3.369167e-02 4.539688e+04 4.515499e+04 1.275047e+00
2.038977e-01 4.466959e+04 4.060780e+04 2.266204e+00 2.265665e+00 6.509508e+01 4.382320e+04 4.403066e+04 4.382322e+04 -3.243997e-02 4.371245e+04 4.346507e+04 1.269573e+00
2.092800e-01 4.292782e+04 3.879258e+04 2.065059e+00 2.064568e+00 5.932050e+01 4.207812e+04 4.227733e+04 4.207814e+04 -3.114818e-02 4.197597e+04 4.171074e+04 1.326117e+00
2.146624e-01 4.121404e+04 3.695491e+04 1.881868e+00 1.881420e+00 5.418103e+01 4.035301e+04 4.054407e+04 4.035303e+04 -2.987117e-02 4.025992e+04 3.997362e+04 1.395556e+00
2.200447e-01 3.958962e+04 3.523297e+04 1.718118e+00 1.717709e+00 4.953858e+01 3.872096e+04 3.890430e+04 3.872098e+04 -2.866305e-02 3.863585e+04 3.833355e+04 1.437516e+00
2.254270e-01 3.810425e+04 3.373235e+04 1.574226e+00 1.573852e+00 4.537474e+01 3.724020e+04 3.741654e+04 3.724021e+04 -2.756692e-02 3.716093e+04 3.685325e+04 1.428161e+00
2.308094e-01 3.678556e+04 3.250515e+04 1.449269e+00 1.448925e+00 4.180030e+01 3.594204e+04 3.611224e+04 3.594205e+04 -2.660596e-02 3.586609e+04 3.556555e+04 1.362493e+00
2.361917e-01 3.563176e+04 3.154174e+04 1.341002e+00 1.340683e+00 3.875653e+01 3.482347e+04 3.498839e+04 3.482348e+04 -2.577794e-02 3.474859e+04 3.446606e+04 1.251672e+00
2.415740e-01 3.461591e+04 3.078235e+04 1.246362e+00 1.246066e+00 3.600540e+01 3.385255e+04 3.401288e+04 3.385257e+04 -2.505922e-02 3.377722e+04 3.351936e+04 1.116904e+00
2.469563e-01 3.369651e+04 3.014000e+04 1.162128e+00 1.161852e+00 3.355091e+01 3.298086e+04 3.313706e+04 3.298087e+04 -2.441395e-02 3.290451e+04 3.267273e+04 9.820999e-01
2.523387e-01 3.282664e+04 2.952313e+04 1.085374e+00 1.085116e+00 3.142097e+01 3.215469e+04 3.230698e+04 3.215470e+04 -2.380238e-02 3.207771e+04 3.186853e+04 8.674152e-01
2.577210e-01 3.196423e+04 2.885686e+04 1.013836e+00 1.013594e+00 2.935447e+01 3.132705e+04 3.147543e+04 3.132705e+04 -2.318972e-02 3.125046e+04 3.105710e+04 7.850354e-01
2.631033e-01 3.108459e+04 2.810177e+04 9.462253e-01 9.460002e-01 2.737627e+01 3.047105e+04 3.061539e+04 3.047106e+04 -2.255608e-02 3.039614e+04 3.021066e+04 7.376946e-01
2.684857e-01 3.018578e+04 2.726012e+04 8.822166e-01 8.820068e-01 2.558109e+01 2.958542e+04 2.972556e+04 2.958543e+04 -2.190049e-02 2.951336e+04 2.932867e+04 7.197834e-01
2.738680e-01 2.928159e+04 2.636478e+04 8.220463e-01 8.218509e-01 2.386672e+01 2.868688e+04 2.882276e+04 2.868688e+04 -2.123534e-02 2.861843e+04 2.842990e+04 7.203122e-01
2.792503e-01 2.839118e+04 2.546174e+04 7.660870e-01 7.659048e-01 2.224126e+01 2.779868e+04 2.793037e+04 2.779869e+04 -2.057786e-02 2.773407e+04 2.754016e+04 7.266104e-01
2.846327e-01 2.753449e+04 2.459773e+04 7.146577e-01 7.144878e-01 2.077550e+01 2.694488e+04 2.707252e+04 2.694488e+04 -1.994583e-02 2.688377e+04 2.668583e+04 7.276667e-01
2.900150e-01 2.673050e+04 2.381202e+04 6.679562e-01 6.677974e-01 1.946260e+01 2.614754e+04 2.627141e+04 2.614755e+04 -1.935561e-02 2.608922e+04 2.589067e+04 7.163941e-01
2.953973e-01 2.599234e+04 2.312765e+04 6.259392e-01 6.257904e-01 1.824322e+01 2.542128e+04 2.554171e+04 2.542128e+04 -1.881800e-02 2.536487e+04 2.516993e+04 6.905327e-01
3.007796e-01 2.532142e+04 2.254489e+04 5.882242e-01 5.880844e-01 1.714479e+01 2.476732e+04 2.488466e+04 2.476732e+04 -1.833390e-02 2.471200e+04 2.452452e+04 6.522363e-01
3.061620e-01 2.470750e+04 2.204340e+04 5.541602e-01 5.540285e-01 1.618076e+01 2.417390e+04 2.428843e+04 2.417390e+04 -1.789463e-02 2.411908e+04 2.394158e+04 6.066660e-01
3.115443e-01 2.413472e+04 2.159226e+04 5.230244e-01 5.229000e-01 1.527826e+01 2.362286e+04 2.373478e+04 2.362286e+04 -1.748672e-02 2.356827e+04 2.340151e+04 5.601213e-01
3.169266e-01 2.358743e+04 2.116034e+04 4.941833e-01 4.940658e-01 1.444053e+01 2.309621e+04 2.320564e+04 2.309622e+04 -1.709687e-02 2.304192e+04 2.288495e+04 5.182699e-01
3.223090e-01 2.305271e+04 2.072264e+04 4.671464e-01 4.670353e-01 1.366255e+01 2.257920e+04 2.268618e+04 2.257920e+04 -1.671415e-02 2.252549e+04 2.237614e+04 4.848889e-01
3.276913e-01 2.252115e+04 2.026355e+04 4.415739e-01 4.414689e-01 1.292655e+01 2.206149e+04 2.216602e+04 2.206149e+04 -1.633092e-02 2.200879e+04 2.186433e+04 4.613039e-01
3.330736e-01 2.198850e+04 1.977900e+04 4.172867e-01 4.171874e-01 1.222475e+01 2.153888e+04 2.164094e+04 2.153888e+04 -1.594407e-02 2.148759e+04 2.134546e+04 4.465173e-01
3.384559e-01 2.145688e+04 1.927664e+04 3.942619e-01 3.941682e-01 1.154217e+01 2.101435e+04 2.111392e+04 2.101435e+04 -1.555578e-02 2.096475e+04 2.082312e+04 4.378688e-01
3.438383e-01 2.093350e+04 1.877241e+04 3.725789e-01 3.724903e-01 1.091559e+01 2.049643e+04 2.059355e+04 2.049644e+04 -1.517240e-02 2.044863e+04 2.030669e+04 4.319746e-01
3.492206e-01 2.042698e+04 1.828414e+04 3.523299e-01 3.522460e-01 1.033514e+01 1.999516e+04 2.008991e+04 1.999516e+04 -1.480133e-02 1.994908e+04 1.980701e+04 4.256639e-01
3.546029e-01 1.994385e+04 1.782590e+04 3.335507e-01 3.334714e-01 9.776757e+00 1.951821e+04 1.961069e+04 1.951821e+04 -1.444827e-02 1.947361e+04 1.933240e+04 4.166824e-01
3.599853e-01 1.948736e+04 1.740517e+04 3.162046e-01 3.161294e-01 9.267164e+00 1.906946e+04 1.915983e+04 1.906947e+04 -1.411609e-02 1.902605e+04 1.888705e+04 4.040385e-01
3.653676e-01 1.905801e+04 1.702301e+04 3.001997e-01 3.001283e-01 8.810217e+00 1.864953e+04 1.873790e+04 1.864953e+04 -1.380523e-02 1.860700e+04 1.847153e+04 3.879838e-01
3.707499e-01 1.865408e+04 1.667504e+04 2.854066e-01 2.853388e-01 8.371697e+00 1.825626e+04 1.834277e+04 1.825626e+04 -1.351411e-02 1.821438e+04 1.808339e+04 3.697049e-01
3.761322e-01 1.827157e+04 1.635256e+04 2.716674e-01 2.716028e-01 7.950675e+00 1.788495e+04 1.796970e+04 1.788495e+04 -1.323925e-02 1.784359e+04 1.771747e+04 3.508551e-01
3.815146e-01 1.790475e+04 1.604461e+04 2.588120e-01 2.587505e-01 7.584492e+00 1.752908e+04 1.761215e+04 1.752908e+04 -1.297582e-02 1.748821e+04 1.736678e+04 3.330627e-01
3.868969e-01 1.754786e+04 1.574100e+04 2.466885e-01 2.466299e-01 7.234815e+00 1.718221e+04 1.726363e+04 1.718221e+04 -1.271906e-02 1.714191e+04 1.702450e+04 3.175389e-01
3.922792e-01 1.719686e+04 1.543503e+04 2.351884e-01 2.351325e-01 6.877992e+00 1.683991e+04 1.691971e+04 1.683991e+04 -1.246567e-02 1.680029e+04 1.668600e+04 3.048610e-01
3.976616e-01 1.685019e+04 1.512457e+04 2.242525e-01 2.241991e-01 6.565558e+00 1.650055e+04 1.657874e+04 1.650055e+04 -1.221446e-02 1.646174e+04 1.634965e+04 2.949486e-01
4.030439e-01 1.650835e+04 1.481146e+04 2.138580e-01 2.138071e-01 6.271009e+00 1.616481e+04 1.624142e+04 1.616481e+04 -1.196593e-02 1.612692e+04 1.601629e+04 2.871991e-01
4.084262e-01 1.617294e+04 1.449996e+04 2.040013e-01 2.039528e-01 5.965421e+00 1.583474e+04 1.590978e+04 1.583474e+04 -1.172159e-02 1.579779e+04 1.568822e+04 2.807214e-01
4.138086e-01 1.584602e+04 1.419519e+04 1.946840e-01 1.946377e-01 5.690096e+00 1.551282e+04 1.558634e+04 1.551282e+04 -1.148330e-02 1.547682e+04 1.536823e+04 2.745954e-01
4.191909e-01 1.552963e+04 1.390195e+04 1.859061e-01 1.858619e-01 5.446572e+00 1.520155e+04 1.527359e+04 1.520155e+04 -1.125288e-02 1.516642e+04 1.505902e+04 2.680908e-01
4.245732e-01 1.522553e+04 1.362380e+04 1.776609e-01 1.776187e-01 5.200150e+00 1.490295e+04 1.497357e+04 1.490295e+04 -1.103184e-02 1.486859e+04 1.476277e+04 2.607962e-01
4.299555e-01 1.493463e+04 1.336228e+04 1.699284e-01 1.698880e-01 4.966170e+00 1.461801e+04 1.468729e+04 1.461801e+04 -1.082092e-02 1.458431e+04 1.448050e+04 2.526501e-01
4.353379e-01 1.465638e+04 1.311632e+04 1.626711e-01 1.626325e-01 4.768080e+00 1.434613e+04 1.441412e+04 1.434613e+04 -1.061966e-02 1.431300e+04 1.421153e+04 2.438839e-01
4.407202e-01 1.438906e+04 1.288290e+04 1.558395e-01 1.558025e-01 4.567766e+00 1.408538e+04 1.415213e+04 1.408538e+04 -1.042664e-02 1.405274e+04 1.395380e+04 2.349102e-01
4.461025e-01 1.413068e+04 1.265834e+04 1.493845e-01 1.493489e-01 4.368137e+00 1.383351e+04 1.389908e+04 1.383351e+04 -1.024020e-02 1.380135e+04 1.370492e+04 2.261866e-01
4.514849e-01 1.387969e+04 1.243952e+04 1.432655e-01 1.432314e-01 4.199131e+00 1.358874e+04 1.365315e+04 1.358875e+04 -1.005901e-02 1.355706e+04 1.346295e+04 2.180956e-01
4.568672e-01 1.363481e+04 1.222406e+04 1.374490e-01 1.374163e-01 4.032656e+00 1.334962e+04 1.341289e+04 1.334962e+04 -9.881997e-03 1.331843e+04 1.322637e+04 2.108650e-01
4.622495e-01 1.339483e+04 1.201032e+04 1.319061e-01 1.318748e-01 3.867129e+00 1.311489e+04 1.317705e+04 1.311489e+04 -9.708236e-03 1.308423e+04 1.299388e+04 2.045421e-01
4.676319e-01 1.315908e+04 1.179782e+04 1.266165e-01 1.265864e-01 3.717596e+00 1.288388e+04 1.294495e+04 1.288389e+04 -9.537237e-03 1.285380e+04 1.276486e+04 1.990127e-01
4.730142e-01 1.292782e+04 1.158753e+04 1.215711e-01 1.215422e-01 3.574101e+00 1.265700e+04 1.271699e+04 1.265700e+04 -9.369287e-03 1.262749e+04 1.253977e+04 1.940543e-01
4.783965e-01 1.270198e+04 1.138136e+04 1.167680e-01 1.167403e-01 3.432792e+00 1.243530e+04 1.249424e+04 1.243531e+04 -9.205177e-03 1.240638e+04 1.231978e+04 1.894064e-01
4.837789e-01 1.248236e+04 1.118107e+04 1.122039e-01 1.121772e-01 3.298363e+00 1.221975e+04 1.227766e+04 1.221975e+04 -9.045611e-03 1.219137e+04 1.210592e+04 1.848357e-01
4.891612e-01 1.226927e+04 1.098769e+04 1.078706e-01 1.078449e-01 3.174944e+00 1.201075e+04 1.206768e+04 1.201075e+04 -8.890902e-03 1.198290e+04 1.189867e+04 1.801834e-01
4.945435e-01 1.206276e+04 1.080166e+04 1.037573e-01 1.037326e-01 3.056219e+00 1.180842e+04 1.186438e+04 1.180842e+04 -8.741125e-03 1.178105e+04 1.169816e+04 1.753848e-01
4.999259e-01 1.186280e+04 1.062296e+04 9.985272e-02 9.982898e-02 2.943487e+00 1.161272e+04 1.166777e+04 1.161273e+04 -8.596268e-03 1.158580e+04 1.150436e+04 1.704650e-01
5.053082e-01 1.166920e+04 1.045109e+04 9.614431e-02 9.612145e-02 2.835586e+00 1.142344e+04 1.147759e+04 1.142344e+04 -8.456153e-03 1.139693e+04 1.131700e+04 1.655139e-01
5.106905e-01 1.148143e+04 1.028501e+04 9.261703e-02 9.259501e-02 2.730819e+00 1.123995e+04 1.129323e+04 1.123995e+04 -8.320322e-03 1.121382e+04 1.113542e+04 1.606513e-01
5.160728e-01 1.129864e+04 1.012339e+04 8.925461e-02 8.923339e-02 2.635579e+00 1.106134e+04 1.111377e+04 1.106134e+04 -8.188109e-03 1.103560e+04 1.095866e+04 1.559914e-01
5.214552e-01 1.112010e+04 9.965061e+03 8.604256e-02 8.602211e-02 2.537347e+00 1.088681e+04 1.093841e+04 1.088681e+04 -8.058908e-03 1.086144e+04 1.078588e+04 1.516156e-01
5.268375e-01 1.094537e+04 9.809351e+03 8.297023e-02 8.295051e-02 2.444715e+00 1.071588e+04 1.076667e+04 1.071588e+04 -7.932381e-03 1.069090e+04 1.061661e+04 1.475591e-01
5.322198e-01 1.077434e+04 9.656118e+03 8.003023e-02 8.001120e-02 2.365574e+00 1.054845e+04 1.059844e+04 1.054845e+04 -7.808439e-03 1.052386e+04 1.045071e+04 1.438091e-01
5.376021e-01 1.060698e+04 9.505485e+03 7.721642e-02 7.719807e-02 2.279040e+00 1.038449e+04 1.043371e+04 1.038449e+04 -7.687069e-03 1.036029e+04 1.028820e+04 1.403157e-01
5.429845e-01 1.044322e+04 9.357677e+03 7.452312e-02 7.450540e-02 2.195380e+00 1.022400e+04 1.027246e+04 1.022400e+04 -7.568268e-03 1.020020e+04 1.012910e+04 1.370084e-01
5.483668e-01 1.028312e+04 9.213053e+03 7.194563e-02 7.192852e-02 2.124106e+00 1.006707e+04 1.011479e+04 1.006707e+04 -7.452105e-03 1.004366e+04 9.973529e+03 1.338160e-01
5.537491e-01 1.012688e+04 9.072098e+03 6.948057e-02 6.946406e-02 2.049387e+00 9.913964e+03 9.960956e+03 9.913964e+03 -7.338766e-03 9.890918e+03 9.821761e+03 1.306813e-01
5.591314e-01 9.974702e+03 8.935200e+03 6.712455e-02 6.710860e-02 1.973355e+00 9.764899e+03 9.811186e+03 9.764900e+03 -7.228422e-03 9.742208e+03 9.674041e+03 1.275707e-01
5.645138e-01 9.826568e+03 8.802396e+03 6.487262e-02 6.485718e-02 1.910246e+00 9.619864e+03 9.665463e+03 9.619865e+03 -7.121061e-03 9.597510e+03 9.530356e+03 1.244761e-01
5.698961e-01 9.682216e+03 8.673390e+03 6.271836e-02 6.270345e-02 1.850570e+00 9.478596e+03 9.523524e+03 9.478596e+03 -7.016486e-03 9.456562e+03 9.390438e+03 1.214109e-01
5.752785e-01 9.541366e+03 8.547783e+03 6.065559e-02 6.064117e-02 1.782073e+00 9.340796e+03 9.385072e+03 9.340797e+03 -6.914482e-03 9.319073e+03 9.253979e+03 1.184020e-01
5.806608e-01 9.403854e+03 8.425260e+03 5.867909e-02 5.866515e-02 1.724275e+00 9.206279e+03 9.249918e+03 9.206280e+03 -6.814906e-03 9.184858e+03 9.120775e+03 1.154802e-01
5.860431e-01 9.269545e+03 8.305538e+03 5.678418e-02 5.677068e-02 1.673235e+00 9.074887e+03 9.117902e+03 9.074888e+03 -6.717644e-03 9.053762e+03 8.990658e+03 1.126715e-01
5.914254e-01 9.138202e+03 8.188285e+03 5.496582e-02 5.495275e-02 1.612254e+00 8.946371e+03 8.988777e+03 8.946371e+03 -6.622510e-03 8.925537e+03 8.863370e+03 1.099909e-01
5.968078e-01 9.009547e+03 8.073178e+03 5.321911e-02 5.320645e-02 1.560550e+00 8.820443e+03 8.862253e+03 8.820443e+03 -6.529293e-03 8.799901e+03 8.738622e+03 1.074403e-01
6.021901e-01 8.883431e+03 7.960094e+03 5.154022e-02 5.152797e-02 1.516811e+00 8.696963e+03 8.738187e+03 8.696963e+03 -6.437887e-03 8.676709e+03 8.616276e+03 1.050103e-01
6.075724e-01 8.759895e+03 7.849143e+03 4.992672e-02 4.991485e-02 1.466387e+00 8.575979e+03 8.616630e+03 8.575979e+03 -6.348329e-03 8.556013e+03 8.496390e+03 1.026834e-01
6.129547e-01 8.639026e+03 7.740507e+03 4.837656e-02 4.836506e-02 1.419174e+00 8.457596e+03 8.497687e+03 8.457596e+03 -6.260696e-03 8.437910e+03 8.379074e+03 1.004386e-01
6.183371e-01 8.520799e+03 7.634255e+03 4.688713e-02 4.687598e-02 1.378487e+00 8.341801e+03 8.381343e+03 8.341801e+03 -6.174980e-03 8.322390e+03 8.264327e+03 9.825658e-02
6.237195e-01 8.405103e+03 7.530357e+03 4.545546e-02 4.544465e-02 1.335872e+00 8.228497e+03 8.267502e+03 8.228497e+03 -6.091107e-03 8.209354e+03 8.152057e+03 9.612301e-02
6.291018e-01 8.291889e+03 7.428806e+03 4.407904e-02 4.406856e-02 1.293097e+00 8.117644e+03 8.156123e+03 8.117644e+03 -6.009048e-03 8.098758e+03 8.042226e+03 9.403028e-02
6.553143e-01 7.774816e+03 6.966252e+03 3.809070e-02 3.808165e-02 1.117237e+00 7.611545e+03 7.647626e+03 7.611545e+03 -5.634411e-03 7.593825e+03 7.540902e+03 8.450534e-02
6.710609e-01 7.488202e+03 6.709590e+03 3.498513e-02 3.497681e-02 1.027285e+00 7.330972e+03 7.365723e+03 7.330973e+03 -5.426718e-03 7.313903e+03 7.262943e+03 7.946077e-02
7.173232e-01 6.735333e+03 6.034875e+03 2.753961e-02 2.753306e-02 8.068091e-01 6.593891e+03 6.625148e+03 6.593892e+03 -4.881097e-03 6.578538e+03 6.532697e+03 6.686956e-02
7.667748e-01 6.055020e+03 5.425370e+03 2.166752e-02 2.166237e-02 6.407259e-01 5.927873e+03 5.955974e+03 5.927873e+03 -4.388080e-03 5.914068e+03 5.872867e+03 5.622536e-02
8.196356e-01 5.440434e+03 4.874770e+03 1.703816e-02 1.703411e-02 5.053649e-01 5.326204e+03 5.351453e+03 5.326205e+03 -3.942698e-03 5.313798e+03 5.276792e+03 4.724461e-02
8.761405e-01 4.885610e+03 4.377688e+03 1.339069e-02 1.338751e-02 3.958142e-01 4.783038e+03 4.805713e+03 4.783038e+03 -3.540622e-03 4.771896e+03 4.738672e+03 3.967988e-02
9.365409e-01 4.385127e+03 3.929277e+03 1.051868e-02 1.051618e-02 3.105251e-01 4.293068e+03 4.313420e+03 4.293068e+03 -3.177924e-03 4.283066e+03 4.253252e+03 3.331077e-02
1.001105e+00 3.933950e+03 3.525032e+03 8.258535e-03 8.256571e-03 2.447224e-01 3.851368e+03 3.869626e+03 3.851368e+03 -2.850957e-03 3.842394e+03 3.815653e+03 2.795088e-02
1.070120e+00 3.527514e+03 3.160871e+03 6.480936e-03 6.479395e-03 1.922512e-01 3.453468e+03 3.469840e+03 3.453468e+03 -2.556414e-03 3.445420e+03 3.421446e+03 2.344241e-02
1.143894e+00 3.161547e+03 2.832964e+03 5.083507e-03 5.082298e-03 1.512900e-01 3.095187e+03 3.109860e+03 3.095187e+03 -2.291197e-03 3.087973e+03 3.066489e+03 1.965214e-02
1.222753e+00 2.832296e+03 2.537952e+03 3.985632e-03 3.984684e-03 1.184238e-01 2.772850e+03 2.785995e+03 2.772850e+03 -2.052589e-03 2.766386e+03 2.747143e+03 1.646774e-02
1.307048e+00 2.536224e+03 2.272665e+03 3.123495e-03 3.122752e-03 9.242509e-02 2.482994e+03 2.494765e+03 2.482994e+03 -1.838025e-03 2.477206e+03 2.459976e+03 1.379357e-02
1.397155e+00 2.270109e+03 2.034217e+03 2.446778e-03 2.446196e-03 7.177827e-02 2.222466e+03 2.233002e+03 2.222466e+03 -1.645170e-03 2.217285e+03 2.201865e+03 1.154882e-02
1.493473e+00 2.031097e+03 1.820052e+03 1.915902e-03 1.915446e-03 5.694303e-02 1.988472e+03 1.997899e+03 1.988472e+03 -1.471957e-03 1.983836e+03 1.970041e+03 9.665648e-03
1.596432e+00 1.816516e+03 1.627776e+03 1.499603e-03 1.499246e-03 4.395425e-02 1.778396e+03 1.786827e+03 1.778396e+03 -1.316449e-03 1.774249e+03 1.761912e+03 8.086443e-03
1.706489e+00 1.623978e+03 1.455250e+03 1.173307e-03 1.173028e-03 3.472403e-02 1.589899e+03 1.597436e+03 1.589899e+03 -1.176915e-03 1.586191e+03 1.575162e+03 6.762794e-03
1.824133e+00 1.451298e+03 1.300518e+03 9.176618e-04 9.174436e-04 2.728283e-02 1.420844e+03 1.427580e+03 1.420844e+03 -1.051773e-03 1.417531e+03 1.407674e+03 5.653777e-03
1.949887e+00 1.296500e+03 1.161808e+03 7.174524e-04 7.172818e-04 2.124261e-02 1.269295e+03 1.275313e+03 1.269295e+03 -9.395898e-04 1.266335e+03 1.257530e+03 4.725006e-03
2.084310e+00 1.157807e+03 1.037527e+03 5.607263e-04 5.605930e-04 1.668042e-02 1.133513e+03 1.138886e+03 1.133513e+03 -8.390773e-04 1.130869e+03 1.123006e+03 3.947515e-03
2.228001e+00 1.033592e+03 9.262198e+02 4.380850e-04 4.379808e-04 1.286800e-02 1.011905e+03 1.016702e+03 1.011905e+03 -7.490576e-04 1.009545e+03 1.002525e+03 3.296913e-03
2.381597e+00 9.223916e+02 8.265737e+02 3.421518e-04 3.420705e-04 1.027306e-02 9.030380e+02 9.073191e+02 9.030380e+02 -6.684695e-04 9.009317e+02 8.946665e+02 2.752687e-03
2.545782e+00 8.228871e+02 7.374076e+02 2.671395e-04 2.670760e-04 7.858179e-03 8.056216e+02 8.094409e+02 8.056216e+02 -5.963576e-04 8.037425e+02 7.981525e+02 2.297632e-03
2.721286e+00 7.338874e+02 6.576546e+02 2.085074e-04 2.084578e-04 6.158021e-03 7.184895e+02 7.218958e+02 7.184895e+02 -5.318584e-04 7.168137e+02 7.118275e+02 1.917271e-03
2.908889e+00 6.543082e+02 5.863427e+02 1.626929e-04 1.626542e-04 4.856268e-03 6.405801e+02 6.436169e+02 6.405801e+02 -4.741863e-04 6.390859e+02 6.346396e+02 1.599444e-03
3.109425e+00 5.831854e+02 5.226083e+02 1.269074e-04 1.268772e-04 3.819503e-03 5.709496e+02 5.736564e+02 5.709496e+02 -4.226428e-04 5.696179e+02 5.656539e+02 1.333969e-03
3.323786e+00 5.196424e+02 4.656660e+02 9.896439e-05 9.894085e-05 2.976797e-03 5.087398e+02 5.111517e+02 5.087398e+02 -3.765922e-04 5.075533e+02 5.040201e+02 1.112294e-03
3.552925e+00 4.628904e+02 4.148091e+02 7.715190e-05 7.713355e-05 2.290539e-03 4.531786e+02 4.553271e+02 4.531786e+02 -3.354633e-04 4.521217e+02 4.489733e+02 9.272445e-04
3.797861e+00 4.122238e+02 3.694050e+02 6.013057e-05 6.011627e-05 1.785668e-03 4.035749e+02 4.054882e+02 4.035749e+02 -2.987444e-04 4.026337e+02 3.998287e+02 7.728222e-04
4.059682e+00 3.670044e+02 3.288824e+02 4.685192e-05 4.684079e-05 1.419706e-03 3.593042e+02 3.610077e+02 3.593042e+02 -2.659733e-04 3.584663e+02 3.559678e+02 6.439926e-04
4.339552e+00 3.266598e+02 2.927279e+02 3.649603e-05 3.648735e-05 1.079363e-03 3.198060e+02 3.213222e+02 3.198060e+02 -2.367348e-04 3.190603e+02 3.168351e+02 5.365440e-04
4.638717e+00 2.906767e+02 2.604818e+02 2.842195e-05 2.841519e-05 8.345709e-04 2.845778e+02 2.859269e+02 2.845778e+02 -2.106574e-04 2.839143e+02 2.819329e+02 4.469538e-04
4.958507e+00 2.585927e+02 2.317298e+02 2.212857e-05 2.212331e-05 6.615893e-04 2.531668e+02 2.543671e+02 2.531668e+02 -1.874055e-04 2.525767e+02 2.508126e+02 3.722707e-04
5.300342e+00 2.299952e+02 2.061020e+02 1.722461e-05 1.722051e-05 5.119144e-04 2.251692e+02 2.262367e+02 2.251692e+02 -1.666804e-04 2.246444e+02 2.230739e+02 3.100316e-04
5.665742e+00 2.045117e+02 1.832648e+02 1.340424e-05 1.340105e-05 4.042337e-04 2.002203e+02 2.011695e+02 2.002203e+02 -1.482121e-04 1.997537e+02 1.983558e+02 2.581735e-04
6.056334e+00 1.818105e+02 1.629208e+02 1.042884e-05 1.042636e-05 3.135974e-04 1.779952e+02 1.788391e+02 1.779952e+02 -1.317601e-04 1.775805e+02 1.763363e+02 2.149754e-04
6.473852e+00 1.615928e+02 1.448024e+02 8.112077e-06 8.110148e-06 2.377547e-04 1.582016e+02 1.589516e+02 1.582016e+02 -1.171080e-04 1.578331e+02 1.567257e+02 1.789980e-04
6.920153e+00 1.435923e+02 1.286709e+02 6.308615e-06 6.307115e-06 1.899045e-04 1.405787e+02 1.412451e+02 1.405787e+02 -1.040627e-04 1.402513e+02 1.392657e+02 1.490406e-04
7.397222e+00 1.275697e+02 1.143119e+02 4.905044e-06 4.903878e-06 1.448500e-04 1.248921e+02 1.254842e+02 1.248921e+02 -9.245081e-05 1.246014e+02 1.237241e+02 1.240998e-04
7.907180e+00 1.133117e+02 1.015342e+02 3.812961e-06 3.812055e-06 1.172571e-04 1.109332e+02 1.114591e+02 1.109332e+02 -8.211774e-05 1.106750e+02 1.098941e+02 1.033393e-04
8.452294e+00 1.006268e+02 9.016609e+01 2.963419e-06 2.962714e-06 8.941477e-05 9.851421e+01 9.898126e+01 9.851421e+01 -7.292467e-05 9.828512e+01 9.758996e+01 8.606069e-05
9.034987e+00 8.934436e+01 8.005495e+01 2.302705e-06 2.302158e-06 6.911036e-05 8.746842e+01 8.788311e+01 8.746842e+01 -6.474808e-05 8.726514e+01 8.664619e+01 7.168207e-05
9.657851e+00 7.931161e+01 7.106366e+01 1.788954e-06 1.788529e-06 5.412220e-05 7.764606e+01 7.801418e+01 7.764606e+01 -5.747714e-05 7.746572e+01 7.691454e+01 5.971782e-05
1.032366e+01 7.039224e+01 6.307014e+01 1.389562e-06 1.389232e-06 4.083036e-05 6.891373e+01 6.924045e+01 6.891373e+01 -5.101307e-05 6.875379e+01 6.826283e+01 4.976348e-05
1.103536e+01 6.246453e+01 5.596530e+01 1.079138e-06 1.078882e-06 3.137167e-05 6.115226e+01 6.144218e+01 6.115226e+01 -4.526768e-05 6.101046e+01 6.057298e+01 4.148195e-05
1.179613e+01 5.541966e+01 4.965163e+01 8.379097e-07 8.377106e-07 2.626230e-05 5.425511e+01 5.451233e+01 5.425511e+01 -4.016209e-05 5.412943e+01 5.373946e+01 3.459229e-05
1.260934e+01 4.916074e+01 4.404229e+01 6.504903e-07 6.503357e-07 1.924382e-05 4.812742e+01 4.835559e+01 4.812742e+01 -3.562609e-05 4.801606e+01 4.766828e+01 2.886069e-05
1.347862e+01 4.360124e+01 3.905975e+01 5.049050e-07 5.047850e-07 1.485991e-05 4.268449e+01 4.288685e+01 4.268449e+01 -3.159699e-05 4.258585e+01 4.227551e+01 2.409238e-05
1.440782e+01 3.866395e+01 3.463482e+01 3.918362e-07 3.917431e-07 1.169482e-05 3.785070e+01 3.803016e+01 3.785070e+01 -2.801881e-05 3.776337e+01 3.748626e+01 2.012521e-05
1.540108e+01 3.428013e+01 3.070588e+01 3.040377e-07 3.039655e-07 8.482692e-06 3.355879e+01 3.371789e+01 3.355879e+01 -2.484174e-05 3.348149e+01 3.323387e+01 1.682428e-05
1.646282e+01 3.038851e+01 2.721804e+01 2.358739e-07 2.358178e-07 6.607929e-06 2.974875e+01 2.988978e+01 2.974875e+01 -2.202137e-05 2.968036e+01 2.945888e+01 1.407731e-05
1.759775e+01 2.693446e+01 2.412235e+01 1.829629e-07 1.829194e-07 5.416071e-06 2.636710e+01 2.649211e+01 2.636710e+01 -1.951812e-05 2.630663e+01 2.610833e+01 1.179091e-05
1.881093e+01 2.386935e+01 2.137521e+01 1.418986e-07 1.418648e-07 4.159082e-06 2.336623e+01 2.347701e+01 2.336623e+01 -1.729674e-05 2.331278e+01 2.313503e+01 9.887399e-06
2.010773e+01 2.114986e+01 1.893781e+01 1.100338e-07 1.100077e-07 3.455435e-06 2.070375e+01 2.080190e+01 2.070375e+01 -1.532585e-05 2.065653e+01 2.049699e+01 8.302169e-06
2.149394e+01 1.873746e+01 1.677562e+01 8.531170e-08 8.529143e-08 2.487857e-06 1.834189e+01 1.842885e+01 1.834189e+01 -1.357750e-05 1.830021e+01 1.815680e+01 6.981512e-06
2.297572e+01 1.659782e+01 1.485787e+01 6.613421e-08 6.611850e-08 1.911893e-06 1.624709e+01 1.632412e+01 1.624709e+01 -1.202683e-05 1.621031e+01 1.608119e+01 5.880780e-06
2.455964e+01 1.470044e+01 1.315723e+01 5.126017e-08 5.124799e-08 1.414431e-06 1.438946e+01 1.445768e+01 1.438946e+01 -1.065173e-05 1.435704e+01 1.424055e+01 4.962862e-06
2.625276e+01 1.301814e+01 1.164935e+01 3.972564e-08 3.971620e-08 1.064501e-06 1.274242e+01 1.280283e+01 1.274242e+01 -9.432513e-06 1.271385e+01 1.260855e+01 4.196914e-06
2.806260e+01 1.152680e+01 1.031260e+01 3.078219e-08 3.077488e-08 9.628857e-07 1.128231e+01 1.133580e+01 1.128231e+01 -8.351681e-06 1.125717e+01 1.116177e+01 3.557310e-06
2.999722e+01 1.020494e+01 9.127740e+00 2.384879e-08 2.384313e-08 6.841834e-07 9.988141e+00 1.003549e+01 9.988141e+00 -7.393674e-06 9.966037e+00 9.879383e+00 3.022755e-06
3.206520e+01 9.033482e+00 8.077666e+00 1.847447e-08 1.847009e-08 5.039764e-07 8.841213e+00 8.883129e+00 8.841213e+00 -6.544667e-06 8.821803e+00 8.742878e+00 2.575560e-06
3.427574e+01 7.995466e+00 7.147184e+00 1.430926e-08 1.430586e-08 4.380843e-07 7.824931e+00 7.862029e+00 7.824931e+00 -5.792368e-06 7.807908e+00 7.735811e+00 2.201028e-06
3.663868e+01 7.075824e+00 6.322791e+00 1.108157e-08 1.107894e-08 3.227064e-07 6.924541e+00 6.957370e+00 6.924541e+00 -5.125859e-06 6.909636e+00 6.843565e+00 1.886953e-06
3.916452e+01 6.261178e+00 5.592493e+00 8.580746e-09 8.578710e-09 2.254326e-07 6.126944e+00 6.155992e+00 6.126944e+00 -4.535441e-06 6.113916e+00 6.053162e+00 1.623195e-06
4.186449e+01 5.539638e+00 4.945640e+00 6.643366e-09 6.641791e-09 2.086346e-07 5.420502e+00 5.446200e+00 5.420502e+00 -4.012501e-06 5.409138e+00 5.353072e+00 1.401332e-06
4.475059e+01 4.900650e+00 4.372770e+00 5.142689e-09 5.141469e-09 1.627413e-07 4.794880e+00 4.817612e+00 4.794880e+00 -3.549387e-06 4.784992e+00 4.733057e+00 1.214367e-06
4.783565e+01 4.334845e+00 3.865489e+00 3.980437e-09 3.979495e-09 1.056436e-07 4.240908e+00 4.261014e+00 4.240908e+00 -3.139312e-06 4.232327e+00 4.184030e+00 1.056489e-06
5.113340e+01 3.833908e+00 3.416344e+00 3.080414e-09 3.079685e-09 9.273172e-08 3.750443e+00 3.768224e+00 3.750443e+00 -2.776248e-06 3.743021e+00 3.697924e+00 9.228700e-07
5.465849e+01 3.390457e+00 3.018721e+00 2.383549e-09 2.382984e-09 7.013919e-08 3.316259e+00 3.331981e+00 3.316259e+00 -2.454845e-06 3.309865e+00 3.267581e+00 8.094989e-07
5.842660e+01 2.997946e+00 2.666752e+00 1.844057e-09 1.843621e-09 5.011345e-08 2.931947e+00 2.945848e+00 2.931947e+00 -2.170360e-06 2.926465e+00 2.886651e+00 7.130425e-07
6.245448e+01 2.650564e+00 2.355231e+00 1.426455e-09 1.426118e-09 4.585948e-08 2.591819e+00 2.604107e+00 2.591819e+00 -1.918582e-06 2.587144e+00 2.549499e+00 6.307299e-07
6.676003e+01 2.343161e+00 2.079541e+00 1.103249e-09 1.102989e-09 2.639214e-08 2.290832e+00 2.301692e+00 2.290832e+00 -1.695777e-06 2.286873e+00 2.251128e+00 5.602579e-07
7.136241e+01 2.071167e+00 1.835589e+00 8.531361e-10 8.529347e-10 3.109275e-08 2.024512e+00 2.034110e+00 2.024512e+00 -1.498635e-06 2.021187e+00 1.987107e+00 4.997106e-07
7.628207e+01 1.830531e+00 1.619743e+00 6.596126e-10 6.594572e-10 2.166826e-08 1.788892e+00 1.797373e+00 1.788892e+00 -1.324219e-06 1.786130e+00 1.753508e+00 4.474940e-07
8.154089e+01 1.617661e+00 1.428787e+00 5.098968e-10 5.097768e-10 1.462243e-08 1.580458e+00 1.587951e+00 1.580458e+00 -1.169927e-06 1.578195e+00 1.546847e+00 4.022814e-07
8.716224e+01 1.429376e+00 1.259868e+00 3.940890e-10 3.939964e-10 1.083132e-08 1.396093e+00 1.402712e+00 1.396093e+00 -1.033451e-06 1.394273e+00 1.364038e+00 3.629679e-07
9.317113e+01 1.262853e+00 1.110457e+00 3.045230e-10 3.044515e-10 1.026552e-08 1.233035e+00 1.238881e+00 1.233035e+00 -9.127483e-07 1.231607e+00 1.202345e+00 3.286322e-07
9.959426e+01 1.115593e+00 9.783173e-01 2.352633e-10 2.352082e-10 7.384087e-09 1.088837e+00 1.093999e+00 1.088837e+00 -8.060064e-07 1.087756e+00 1.059345e+00 2.985061e-07
1.064602e+02 9.853808e-01 8.614628e-01 1.817148e-10 1.816723e-10 3.992878e-09 9.613305e-01 9.658881e-01 9.613305e-01 -7.116203e-07 9.605579e-01 9.328896e-01 2.719482e-07
1.137995e+02 8.702549e-01 7.581370e-01 1.403205e-10 1.402878e-10 3.010932e-09 8.485953e-01 8.526184e-01 8.485953e-01 -6.281686e-07 8.480957e-01 8.210784e-01 2.484224e-07
1.216447e+02 7.684776e-01 6.667839e-01 1.083275e-10 1.083023e-10 3.350688e-09 7.489302e-01 7.524809e-01 7.489302e-01 -5.543920e-07 7.486722e-01 7.222271e-01 2.274801e-07
1.300308e+02 6.785101e-01 5.860254e-01 8.360519e-11 8.358583e-11 2.170556e-09 6.608290e-01 6.639619e-01 6.608290e-01 -4.891755e-07 6.607848e-01 6.348447e-01 2.087455e-07
1.389950e+02 5.989898e-01 5.146420e-01 6.450517e-11 6.449029e-11 2.014177e-09 5.829579e-01 5.857216e-01 5.829579e-01 -4.315318e-07 5.831025e-01 5.576113e-01 1.919032e-07
1.485772e+02 5.287102e-01 4.515544e-01 4.975200e-11 4.974057e-11 1.529073e-09 5.141358e-01 5.165733e-01 5.141358e-01 -3.805866e-07 5.144473e-01 4.893592e-01 1.766881e-07
1.588200e+02 4.666036e-01 3.958072e-01 3.835908e-11 3.835031e-11 1.341879e-09 4.533179e-01 4.554671e-01 4.533179e-01 -3.355665e-07 4.537763e-01 4.290548e-01 1.628771e-07
1.697689e+02 4.117247e-01 3.465556e-01 2.956327e-11 2.955654e-11 1.114383e-09 3.995790e-01 4.014734e-01 3.995790e-01 -2.957865e-07 4.001663e-01 3.757841e-01 1.502818e-07
1.814726e+02 3.632371e-01 3.030524e-01 2.277441e-11 2.276927e-11 7.477495e-10 3.521005e-01 3.537698e-01 3.521005e-01 -2.606407e-07 3.528005e-01 3.287385e-01 1.387434e-07
1.939831e+02 3.204005e-01 2.646368e-01 1.753616e-11 1.753222e-11 4.890782e-10 3.101583e-01 3.116287e-01 3.101583e-01 -2.295932e-07 3.109563e-01 2.872036e-01 1.281269e-07
2.073562e+02 2.825601e-01 2.307249e-01 1.349569e-11 1.349268e-11 2.822195e-10 2.731115e-01 2.744063e-01 2.731115e-01 -2.021695e-07 2.739941e-01 2.505477e-01 1.183184e-07
2.216511e+02 2.491367e-01 2.008010e-01 1.038024e-11 1.037795e-11 3.250718e-10 2.403936e-01 2.415333e-01 2.403936e-01 -1.779502e-07 2.413485e-01 2.182128e-01 1.092208e-07
2.369315e+02 2.196176e-01 1.744092e-01 7.979029e-12 7.977286e-12 2.136565e-10 2.115035e-01 2.125062e-01 2.115035e-01 -1.565644e-07 2.125192e-01 1.897061e-01 1.007520e-07
2.532654e+02 1.935499e-01 1.511473e-01 6.129138e-12 6.127814e-12 2.593328e-10 1.859981e-01 1.868798e-01 1.859981e-01 -1.376842e-07 1.870639e-01 1.645926e-01 9.284206e-08
2.707253e+02 1.705328e-01 1.306604e-01 4.704698e-12 4.703694e-12 8.252978e-11 1.634856e-01 1.642607e-01 1.634856e-01 -1.210195e-07 1.645916e-01 1.424882e-01 8.543189e-08
2.893888e+02 1.502118e-01 1.126354e-01 3.608472e-12 3.607714e-12 1.620157e-10 1.436200e-01 1.443009e-01 1.436200e-01 -1.063141e-07 1.447564e-01 1.230543e-01 7.847166e-08
3.093391e+02 1.322740e-01 9.679607e-02 2.765360e-12 2.764788e-12 6.718872e-11 1.260954e-01 1.266932e-01 1.260954e-01 -9.334150e-08 1.272530e-01 1.059916e-01 7.191974e-08
3.306646e+02 1.164423e-01 8.289898e-02 2.117367e-12 2.116938e-12 6.810115e-11 1.106413e-01 1.111658e-01 1.106413e-01 -8.190167e-08 1.118113e-01 9.103649e-02 6.574170e-08
3.534603e+02 1.024721e-01 7.072944e-02 1.619721e-12 1.619399e-12 7.694559e-11 9.701893e-02 9.747890e-02 9.701893e-02 -7.181781e-08 9.819274e-02 7.795575e-02 5.990967e-08
3.778275e+02 9.014728e-02 6.009804e-02 1.237864e-12 1.237624e-12 3.267347e-11 8.501737e-02 8.542043e-02 8.501737e-02 -6.293370e-08 8.618654e-02 6.654321e-02 5.440173e-08
4.038747e+02 7.927670e-02 5.083743e-02 9.451290e-13 9.449500e-13 3.428816e-11 7.445014e-02 7.480311e-02 7.445014e-02 -5.511137e-08 7.560647e-02 5.661613e-02 4.920143e-08
4.317174e+02 6.969161e-02 4.279946e-02 7.209447e-13 7.208119e-13 2.214409e-11 6.515250e-02 6.546138e-02 6.515250e-02 -4.822883e-08 6.628802e-02 4.801182e-02 4.429734e-08
4.614796e+02 6.124286e-02 3.585248e-02 5.494476e-13 5.493493e-13 1.811164e-11 5.697874e-02 5.724887e-02 5.697874e-02 -4.217824e-08 5.808578e-02 4.058484e-02 3.968262e-08
4.932936e+02 5.379870e-02 2.987892e-02 4.184083e-13 4.183358e-13 5.552998e-12 4.979994e-02 5.003604e-02 4.979994e-02 -3.686417e-08 5.087122e-02 3.420417e-02 3.535449e-08
5.273008e+02 4.724267e-02 2.477301e-02 3.184038e-13 3.183505e-13 8.218841e-12 4.350188e-02 4.370812e-02 4.350188e-02 -3.220206e-08 4.453063e-02 2.875085e-02 3.131365e-08
5.636525e+02 4.147182e-02 2.043870e-02 2.421770e-13 2.421379e-13 1.298452e-11 3.798317e-02 3.816324e-02 3.798317e-02 -2.811686e-08 3.896330e-02 2.411580e-02 2.756342e-08
6.025102e+02 3.639510e-02 1.678785e-02 1.841428e-13 1.841142e-13 3.464571e-12 3.315364e-02 3.331082e-02 3.315364e-02 -2.454182e-08 3.407992e-02 2.019806e-02 2.410875e-08
6.440467e+02 3.193190e-02 1.373866e-02 1.400063e-13 1.399853e-13 3.732082e-12 2.893287e-02 2.907004e-02 2.893287e-02 -2.141742e-08 2.980118e-02 1.690347e-02 2.095494e-08
6.884467e+02 2.801078e-02 1.121437e-02 1.064683e-13 1.064529e-13 6.492597e-12 2.524894e-02 2.536865e-02 2.524894e-02 -1.869041e-08 2.605641e-02 1.414391e-02 1.810607e-08
7.359076e+02 2.456837e-02 9.142522e-03 8.099852e-14 8.098725e-14 2.642890e-12 2.203736e-02 2.214183e-02 2.203736e-02 -1.631305e-08 2.278258e-02 1.183714e-02 1.556330e-08
7.866404e+02 2.154837e-02 7.454572e-03 6.165955e-14 6.165130e-14 1.644429e-12 1.924015e-02 1.933137e-02 1.924015e-02 -1.424243e-08 1.992329e-02 9.907410e-03 1.332307e-08
8.408707e+02 1.890066e-02 6.086182e-03 4.697184e-14 4.696580e-14 2.193996e-12 1.680523e-02 1.688490e-02 1.680523e-02 -1.243999e-08 1.742798e-02 8.286660e-03 1.137552e-08
8.988395e+02 1.658062e-02 4.978033e-03 3.580866e-14 3.580425e-14 1.748819e-12 1.468587e-02 1.475549e-02 1.468587e-02 -1.087114e-08 1.525135e-02 6.916180e-03 9.703395e-09
9.608047e+02 1.454845e-02 4.077128e-03 2.731496e-14 2.731175e-14 -2.434138e-13 1.284040e-02 1.290128e-02 1.284040e-02 -9.505047e-09 1.335286e-02 5.748326e-03 8.281877e-09
1.027042e+03 1.276874e-02 3.338312e-03 2.084415e-14 2.084183e-14 1.586775e-12 1.123205e-02 1.128530e-02 1.123205e-02 -8.314474e-09 1.169639e-02 4.747636e-03 7.079628e-09
1.097845e+03 1.121000e-02 2.725599e-03 1.590876e-14 1.590710e-14 8.923364e-13 9.828781e-03 9.875380e-03 9.828781e-03 -7.275709e-09 1.025005e-02 3.890630e-03 6.061325e-09
1.173530e+03 9.844387e-03 2.212774e-03 1.214183e-14 1.214065e-14 1.121334e-12 8.603122e-03 8.643908e-03 8.603122e-03 -6.368420e-09 8.985942e-03 3.163677e-03 5.191458e-09
1.254432e+03 8.647393e-03 1.782746e-03 9.266720e-15 9.265881e-15 -7.859903e-14 7.531854e-03 7.567562e-03 7.531854e-03 -5.575418e-09 7.880022e-03 2.558772e-03 4.438724e-09
1.340911e+03 7.597630e-03 1.425400e-03 7.073800e-15 7.073207e-15 3.754479e-13 6.595449e-03 6.626718e-03 6.595449e-03 -4.882250e-09 6.911767e-03 2.068019e-03 3.779836e-09
1.433352e+03 6.676535e-03 1.134202e-03 5.402879e-15 5.402457e-15 6.449465e-13 5.777318e-03 5.804707e-03 5.777318e-03 -4.276632e-09 6.063758e-03 1.678652e-03 3.201242e-09
1.532166e+03 5.868063e-03 9.025430e-04 4.130471e-15 4.130169e-15 1.014882e-13 5.062967e-03 5.086970e-03 5.062967e-03 -3.747837e-09 5.321119e-03 1.371100e-03 2.697644e-09
1.637792e+03 5.158326e-03 7.212850e-04 3.161024e-15 3.160808e-15 -4.978009e-14 4.439317e-03 4.460364e-03 4.439317e-03 -3.286184e-09 4.670915e-03 1.121922e-03 2.267450e-09
1.750700e+03 4.535221e-03 5.788201e-04 2.421035e-15 2.420882e-15 2.629707e-13 3.894403e-03 3.912866e-03 3.894403e-03 -2.882813e-09 4.101647e-03 9.109188e-04 1.907082e-09
1.871392e+03 3.988115e-03 4.637199e-04 1.854846e-15 1.854739e-15 -2.150110e-13 3.417513e-03 3.433715e-03 3.417513e-03 -2.529798e-09 3.602984e-03 7.281446e-04 1.607460e-09
2.000404e+03 3.507613e-03 3.681830e-04 1.421027e-15 1.420953e-15 -1.748033e-13 2.999549e-03 3.013770e-03 2.999549e-03 -2.220402e-09 3.165758e-03 5.747695e-04 1.355311e-09
2.138310e+03 3.085440e-03 2.893707e-04 1.088813e-15 1.088762e-15 -1.538855e-13 2.633125e-03 2.645609e-03 2.633125e-03 -1.949158e-09 2.782061e-03 4.552368e-04 1.138634e-09
2.285724e+03 2.714375e-03 2.270433e-04 8.348052e-16 8.347690e-16 1.488172e-13 2.312148e-03 2.323109e-03 2.312148e-03 -1.711556e-09 2.445234e-03 3.666240e-04 9.515699e-10
2.443299e+03 2.388161e-03 1.795320e-04 6.406276e-16 6.406020e-16 1.849841e-13 2.031107e-03 2.040736e-03 2.031107e-03 -1.503517e-09 2.149605e-03 2.967790e-04 7.935045e-10
2.611738e+03 2.101353e-03 1.424901e-04 4.918524e-16 4.918346e-16 1.618257e-13 1.784756e-03 1.793217e-03 1.784756e-03 -1.321157e-09 1.890134e-03 2.351222e-04 6.630752e-10
2.791789e+03 1.849160e-03 1.119500e-04 3.776130e-16 3.776009e-16 1.445100e-13 1.568455e-03 1.575891e-03 1.568455e-03 -1.161041e-09 1.662259e-03 1.824905e-04 5.546290e-10
2.984252e+03 1.627350e-03 8.710683e-05 2.899535e-16 2.899451e-16 1.123116e-13 1.378529e-03 1.385065e-03 1.378529e-03 -1.020450e-09 1.462001e-03 1.441064e-04 4.621005e-10
3.189984e+03 1.432224e-03 6.826747e-05 2.227899e-16 2.227840e-16 3.065794e-14 1.211923e-03 1.217669e-03 1.211923e-03 -8.971203e-10 1.286004e-03 1.161120e-04 3.837503e-10
3.409899e+03 1.260556e-03 5.377965e-05 1.712508e-16 1.712468e-16 4.496281e-14 1.065674e-03 1.070726e-03 1.065674e-03 -7.888601e-10 1.131344e-03 9.083765e-05 3.192969e-10
3.644974e+03 1.109515e-03 4.182132e-05 1.316274e-16 1.316247e-16 7.919050e-14 9.371207e-04 9.415635e-04 9.371207e-04 -6.936992e-10 9.953752e-04 7.003922e-05 2.656418e-10
3.896255e+03 9.766028e-04 3.251354e-05 1.012052e-16 1.012033e-16 -4.205214e-14 8.241870e-04 8.280944e-04 8.241870e-04 -6.101005e-10 8.757986e-04 5.604207e-05 2.201551e-10
4.164860e+03 8.596330e-04 2.549397e-05 7.784382e-17 7.784252e-17 3.187723e-15 7.249831e-04 7.284202e-04 7.249831e-04 -5.366653e-10 7.706481e-04 4.376808e-05 1.826223e-10
4.451981e+03 7.566888e-04 1.974691e-05 5.987365e-17 5.987277e-17 -3.985394e-14 6.377418e-04 6.407653e-04 6.377418e-04 -4.720854e-10 6.781605e-04 3.371718e-05 1.514686e-10
6.289314e+03 3.906133e-04 5.391943e-06 1.534311e-17 1.534306e-17 0.000000e+00 3.279034e-04 3.294580e-04 3.279034e-04 0.000000e+00 3.494320e-04 9.336670e-06 5.763734e-11
8.884912e+03 2.016401e-04 1.472283e-06 3.931801e-18 3.931827e-18 0.000000e+00 1.685959e-04 1.693952e-04 1.685959e-04 0.000000e+00 1.800499e-04 2.585431e-06 2.193235e-11
1.255171e+04 1.040894e-04 4.020104e-07 1.007558e-18 1.007574e-18 0.000000e+00 8.668581e-05 8.709681e-05 8.668581e-05 0.000000e+00 9.277333e-05 7.159355e-07 8.345772e-12
1.773180e+04 5.373242e-05 1.097699e-07 2.581952e-19 2.582020e-19 0.000000e+00 4.457066e-05 4.478198e-05 4.457066e-05 0.000000e+00 4.780280e-05 1.982507e-07 3.175761e-12
2.504972e+04 2.773743e-05 2.997294e-08 6.616471e-20 6.616711e-20 0.000000e+00 2.291660e-05 2.302525e-05 2.291660e-05 0.000000e+00 2.463109e-05 5.489790e-08 1.208451e-12
3.538773e+04 1.431845e-05 8.184182e-09 1.695527e-20 1.695605e-20 0.000000e+00 1.178287e-05 1.183874e-05 1.178287e-05 0.000000e+00 1.269153e-05 1.520186e-08 4.598438e-13
4.999224e+04 7.391384e-06 2.234710e-09 4.344932e-21 4.345175e-21 0.000000e+00 6.058321e-06 6.087045e-06 6.058321e-06 0.000000e+00 6.539492e-06 4.209568e-09 1.749813e-13
7.062402e+04 3.815536e-06 6.101931e-10 1.113426e-21 1.113499e-21 0.000000e+00 3.114967e-06 3.129735e-06 3.114967e-06 0.000000e+00 3.369568e-06 1.165678e-09 6.658447e-14
9.977054e+04 1.969633e-06 1.666147e-10 2.853248e-22 2.853464e-22 0.000000e+00 1.601601e-06 1.609195e-06 1.601601e-06 0.000000e+00 1.736219e-06 3.227895e-10 2.533694e-14
1.409458e+05 1.016752e-06 4.549454e-11 7.311690e-23 7.312316e-23 0.000000e+00 8.234847e-07 8.273890e-07 8.234847e-07 0.000000e+00 8.946120e-07 8.938412e-11 9.641297e-15
1.991141e+05 5.248618e-07 1.242239e-11 1.873683e-23 1.873862e-23 0.000000e+00 4.234056e-07 4.254131e-07 4.234056e-07 0.000000e+00 4.609618e-07 2.475149e-11 3.668739e-15
2.812885e+05 2.709410e-07 3.391964e-12 4.801471e-24 4.801977e-24 0.000000e+00 2.176996e-07 2.187318e-07 2.176996e-07 0.000000e+00 2.375173e-07 6.853970e-12 1.396041e-15
3.973762e+05 1.398635e-07 9.261839e-13 1.230418e-24 1.230560e-24 0.000000e+00 1.119332e-07 1.124639e-07 1.119332e-07 0.000000e+00 1.223842e-07 1.897943e-12 5.312260e-16
5.613733e+05 7.219952e-08 2.528967e-13 3.153050e-25 3.153445e-25 0.000000e+00 5.755192e-08 5.782478e-08 5.755192e-08 0.000000e+00 6.306024e-08 5.255621e-13 2.021439e-16
7.930519e+05 3.727040e-08 6.905406e-14 8.079959e-26 8.081050e-26 0.000000e+00 2.959108e-08 2.973138e-08 2.959108e-08 0.000000e+00 3.249270e-08 1.455342e-13 7.692046e-17
1.120344e+06 1.923950e-08 1.885538e-14 2.070558e-26 2.070858e-26 0.000000e+00 1.521465e-08 1.528679e-08 1.521465e-08 0.000000e+00 1.674234e-08 4.030008e-14 2.927003e-17
1.582710e+06 9.931702e-09 5.148506e-15 5.305981e-27 5.306803e-27 0.000000e+00 7.822814e-09 7.859904e-09 7.822814e-09 0.000000e+00 8.626732e-09 1.115955e-14 1.113793e-17
2.235894e+06 5.126884e-09 1.405812e-15 1.359703e-27 1.359927e-27 0.000000e+00 4.022204e-09 4.041274e-09 4.022204e-09 0.000000e+00 4.445049e-09 3.090208e-15 4.238242e-18
3.158648e+06 2.646569e-09 3.838603e-16 3.484354e-28 3.484962e-28 0.000000e+00 2.068070e-09 2.077875e-09 2.068070e-09 0.000000e+00 2.290376e-09 8.557141e-16 1.612750e-18
4.462221e+06 1.366196e-09 1.048140e-16 8.928952e-29 8.930600e-29 0.000000e+00 1.063325e-09 1.068367e-09 1.063325e-09 0.000000e+00 1.180149e-09 2.369570e-16 6.136890e-19
6.303778e+06 7.052496e-10 2.861971e-17 2.288120e-29 2.288565e-29 0.000000e+00 5.467229e-10 5.493151e-10 5.467229e-10 0.000000e+00 6.080891e-10 6.561611e-17 2.335230e-19
8.905346e+06 3.640597e-10 7.814679e-18 5.863502e-30 5.864700e-30 0.000000e+00 2.811049e-10 2.824376e-10 2.811049e-10 0.000000e+00 3.133267e-10 1.816985e-17 8.886094e-20
1.258058e+07 1.879327e-10 2.133817e-18 1.502572e-30 1.502894e-30 0.000000e+00 1.445338e-10 1.452191e-10 1.445338e-10 0.000000e+00 1.614461e-10 5.031441e-18 3.381366e-20
1.777258e+07 9.701351e-11 5.826438e-19 3.850469e-31 3.851332e-31 0.000000e+00 7.431398e-11 7.466632e-11 7.431398e-11 0.000000e+00 8.318747e-11 1.393264e-18 1.286689e-20
2.510733e+07 5.007973e-11 1.590923e-19 9.867153e-32 9.869462e-32 0.000000e+00 3.820952e-11 3.839068e-11 3.820952e-11 0.000000e+00 4.286355e-11 3.858106e-19 4.896150e-21
3.546911e+07 2.585186e-11 4.344053e-20 2.528542e-32 2.529158e-32 0.000000e+00 1.964593e-11 1.973908e-11 1.964593e-11 0.000000e+00 2.208607e-11 1.068354e-19 1.863099e-21
5.010721e+07 1.334509e-11 1.186154e-20 6.479603e-33 6.481248e-33 0.000000e+00 1.010122e-11 1.014911e-11 1.010122e-11 0.000000e+00 1.138017e-11 2.958394e-20 7.089528e-22
7.078645e+07 6.888924e-12 3.238822e-21 1.660453e-33 1.660891e-33 0.000000e+00 5.193675e-12 5.218300e-12 5.193675e-12 0.000000e+00 5.863796e-12 8.192133e-21 2.697731e-22
1.000000e+08 3.556159e-12 8.843681e-22 4.255053e-34 4.256217e-34 0.000000e+00 2.670397e-12 2.683058e-12 2.670397e-12 0.000000e+00 3.021406e-12 2.268495e-21 1.026549e-22
