# z=0.0
# H0:67.4 omega_m:0.314885968880016 omega_b:0.049309230511847414 omega_nu:0.0014201463404145906 w:-1.0 wa:0.0 sigma8(z=0):0.8111336682436303
# koh d_cdm d_b d_gamma d_neutrino d_nu d_tot d_nonu d_tot_de Weyl v_newt_cdm v_newt_b v_b_cdm
1.048503e-05 1.978656e+07 1.978656e+07 2.636833e+07 2.636795e+07 1.978875e+07 1.978657e+07 1.978656e+07 1.979323e+07 -4.727959e-01 1.042912e+07 1.042912e+07 5.747584e+00
1.157745e-05 1.978655e+07 1.978655e+07 2.636531e+07 2.636485e+07 1.978873e+07 1.978656e+07 1.978655e+07 1.979322e+07 -4.727958e-01 1.042911e+07 1.042911e+07 6.346220e+00
1.278368e-05 1.978655e+07 1.978654e+07 2.636162e+07 2.636107e+07 1.978872e+07 1.978656e+07 1.978655e+07 1.979321e+07 -4.727956e-01 1.042911e+07 1.042911e+07 7.007158e+00
1.411559e-05 1.978654e+07 1.978654e+07 2.635714e+07 2.635646e+07 1.978870e+07 1.978655e+07 1.978654e+07 1.979320e+07 -4.727953e-01 1.042910e+07 1.042910e+07 7.736868e+00
1.558627e-05 1.978653e+07 1.978653e+07 2.635166e+07 2.635084e+07 1.978867e+07 1.978654e+07 1.978653e+07 1.979319e+07 -4.727950e-01 1.042910e+07 1.042910e+07 8.542482e+00
1.721018e-05 1.978652e+07 1.978651e+07 2.634499e+07 2.634399e+07 1.978864e+07 1.978652e+07 1.978651e+07 1.979318e+07 -4.727946e-01 1.042909e+07 1.042909e+07 9.431867e+00
1.900328e-05 1.978650e+07 1.978650e+07 2.633686e+07 2.633564e+07 1.978860e+07 1.978651e+07 1.978650e+07 1.979316e+07 -4.727942e-01 1.042908e+07 1.042908e+07 1.041369e+01
2.098320e-05 1.978648e+07 1.978648e+07 2.632695e+07 2.632546e+07 1.978856e+07 1.978649e+07 1.978648e+07 1.979314e+07 -4.727936e-01 1.042907e+07 1.042907e+07 1.149751e+01
2.316941e-05 1.978646e+07 1.978646e+07 2.631487e+07 2.631305e+07 1.978850e+07 1.978647e+07 1.978646e+07 1.979312e+07 -4.727930e-01 1.042906e+07 1.042906e+07 1.269385e+01
2.558339e-05 1.978643e+07 1.978643e+07 2.630015e+07 2.629793e+07 1.978843e+07 1.978644e+07 1.978643e+07 1.979308e+07 -4.727921e-01 1.042905e+07 1.042905e+07 1.401429e+01
2.824888e-05 1.978640e+07 1.978640e+07 2.628221e+07 2.627951e+07 1.978835e+07 1.978641e+07 1.978640e+07 1.979305e+07 -4.727912e-01 1.042903e+07 1.042903e+07 1.547158e+01
3.119209e-05 1.978636e+07 1.978635e+07 2.626036e+07 2.625707e+07 1.978825e+07 1.978637e+07 1.978636e+07 1.979300e+07 -4.727899e-01 1.042901e+07 1.042901e+07 1.707972e+01
3.444194e-05 1.978631e+07 1.978631e+07 2.623374e+07 2.622973e+07 1.978813e+07 1.978632e+07 1.978631e+07 1.979294e+07 -4.727885e-01 1.042898e+07 1.042898e+07 1.885408e+01
3.803039e-05 1.978625e+07 1.978624e+07 2.620131e+07 2.619643e+07 1.978797e+07 1.978626e+07 1.978625e+07 1.979287e+07 -4.727867e-01 1.042895e+07 1.042895e+07 2.081153e+01
4.199271e-05 1.978618e+07 1.978617e+07 2.616183e+07 2.615588e+07 1.978779e+07 1.978618e+07 1.978618e+07 1.979279e+07 -4.727845e-01 1.042891e+07 1.042891e+07 2.297054e+01
4.636787e-05 1.978609e+07 1.978608e+07 2.611376e+07 2.610652e+07 1.978757e+07 1.978609e+07 1.978609e+07 1.979269e+07 -4.727818e-01 1.042886e+07 1.042886e+07 2.535127e+01
5.119886e-05 1.978598e+07 1.978597e+07 2.605527e+07 2.604645e+07 1.978730e+07 1.978598e+07 1.978598e+07 1.979257e+07 -4.727786e-01 1.042880e+07 1.042880e+07 2.797572e+01
5.653318e-05 1.978585e+07 1.978583e+07 2.598412e+07 2.597339e+07 1.978696e+07 1.978585e+07 1.978585e+07 1.979241e+07 -4.727746e-01 1.042873e+07 1.042873e+07 3.086779e+01
6.242328e-05 1.978569e+07 1.978567e+07 2.589760e+07 2.588456e+07 1.978656e+07 1.978569e+07 1.978568e+07 1.979223e+07 -4.727698e-01 1.042865e+07 1.042864e+07 3.405336e+01
6.892706e-05 1.978549e+07 1.978547e+07 2.579248e+07 2.577664e+07 1.978606e+07 1.978549e+07 1.978549e+07 1.979201e+07 -4.727639e-01 1.042854e+07 1.042853e+07 3.756034e+01
7.610846e-05 1.978525e+07 1.978522e+07 2.566485e+07 2.564561e+07 1.978546e+07 1.978525e+07 1.978525e+07 1.979173e+07 -4.727567e-01 1.042841e+07 1.042840e+07 4.141860e+01
8.403807e-05 1.978496e+07 1.978492e+07 2.551002e+07 2.548668e+07 1.978473e+07 1.978495e+07 1.978496e+07 1.979140e+07 -4.727480e-01 1.042826e+07 1.042825e+07 4.565993e+01
9.279386e-05 1.978461e+07 1.978456e+07 2.532242e+07 2.529412e+07 1.978383e+07 1.978460e+07 1.978460e+07 1.979099e+07 -4.727373e-01 1.042807e+07 1.042805e+07 5.031779e+01
1.024619e-04 1.978418e+07 1.978412e+07 2.509540e+07 2.506116e+07 1.978274e+07 1.978416e+07 1.978417e+07 1.979050e+07 -4.727244e-01 1.042784e+07 1.042782e+07 5.542695e+01
1.131372e-04 1.978365e+07 1.978358e+07 2.482116e+07 2.477977e+07 1.978142e+07 1.978363e+07 1.978364e+07 1.978990e+07 -4.727087e-01 1.042755e+07 1.042753e+07 6.102292e+01
1.249248e-04 1.978301e+07 1.978293e+07 2.449053e+07 2.444061e+07 1.977980e+07 1.978298e+07 1.978300e+07 1.978917e+07 -4.726895e-01 1.042721e+07 1.042718e+07 6.714111e+01
1.379405e-04 1.978223e+07 1.978213e+07 2.409291e+07 2.403285e+07 1.977783e+07 1.978220e+07 1.978222e+07 1.978828e+07 -4.726663e-01 1.042679e+07 1.042676e+07 7.381557e+01
1.523123e-04 1.978128e+07 1.978116e+07 2.361619e+07 2.354414e+07 1.977543e+07 1.978124e+07 1.978126e+07 1.978720e+07 -4.726381e-01 1.042628e+07 1.042624e+07 8.107728e+01
1.681815e-04 1.978013e+07 1.977998e+07 2.304676e+07 2.296063e+07 1.977251e+07 1.978007e+07 1.978011e+07 1.978589e+07 -4.726039e-01 1.042566e+07 1.042561e+07 8.895184e+01
1.857041e-04 1.977873e+07 1.977855e+07 2.236968e+07 2.226716e+07 1.976895e+07 1.977866e+07 1.977870e+07 1.978430e+07 -4.725624e-01 1.042490e+07 1.042485e+07 9.745635e+01
2.050523e-04 1.977703e+07 1.977681e+07 2.156909e+07 2.144774e+07 1.976462e+07 1.977694e+07 1.977699e+07 1.978237e+07 -4.725122e-01 1.042398e+07 1.042392e+07 1.065953e+02
2.264163e-04 1.977496e+07 1.977470e+07 2.062897e+07 2.048626e+07 1.975936e+07 1.977485e+07 1.977492e+07 1.978005e+07 -4.724515e-01 1.042287e+07 1.042279e+07 1.163556e+02
2.500063e-04 1.977245e+07 1.977214e+07 1.953431e+07 1.936786e+07 1.975296e+07 1.977232e+07 1.977240e+07 1.977724e+07 -4.723782e-01 1.042152e+07 1.042143e+07 1.266998e+02
2.760540e-04 1.976942e+07 1.976903e+07 1.827296e+07 1.808077e+07 1.974519e+07 1.976925e+07 1.976936e+07 1.977385e+07 -4.722901e-01 1.041989e+07 1.041977e+07 1.375587e+02
3.048156e-04 1.976574e+07 1.976528e+07 1.683823e+07 1.661906e+07 1.973575e+07 1.976554e+07 1.976567e+07 1.976977e+07 -4.721843e-01 1.041791e+07 1.041777e+07 1.488226e+02
3.365739e-04 1.976130e+07 1.976075e+07 1.523229e+07 1.498620e+07 1.972430e+07 1.976105e+07 1.976122e+07 1.976488e+07 -4.720576e-01 1.041551e+07 1.041535e+07 1.603317e+02
3.716409e-04 1.975595e+07 1.975529e+07 1.347034e+07 1.319934e+07 1.971043e+07 1.975564e+07 1.975585e+07 1.975903e+07 -4.719064e-01 1.041263e+07 1.041244e+07 1.718668e+02
4.103616e-04 1.974952e+07 1.974873e+07 1.158521e+07 1.129395e+07 1.969364e+07 1.974914e+07 1.974939e+07 1.975204e+07 -4.717266e-01 1.040916e+07 1.040893e+07 1.831424e+02
4.531165e-04 1.974179e+07 1.974085e+07 9.631269e+06 9.327787e+06 1.967336e+07 1.974133e+07 1.974164e+07 1.974374e+07 -4.715137e-01 1.040499e+07 1.040472e+07 1.938038e+02
5.003259e-04 1.973254e+07 1.973143e+07 7.686330e+06 7.382448e+06 1.964888e+07 1.973198e+07 1.973236e+07 1.973390e+07 -4.712628e-01 1.040000e+07 1.039969e+07 2.034321e+02
5.524541e-04 1.972150e+07 1.972020e+07 5.848837e+06 5.560010e+06 1.961940e+07 1.972083e+07 1.972129e+07 1.972229e+07 -4.709682e-01 1.039404e+07 1.039369e+07 2.115609e+02
6.100134e-04 1.970837e+07 1.970686e+07 4.227644e+06 3.971736e+06 1.958397e+07 1.970758e+07 1.970814e+07 1.970862e+07 -4.706241e-01 1.038697e+07 1.038657e+07 2.177085e+02
6.735697e-04 1.969283e+07 1.969108e+07 2.922114e+06 2.716716e+06 1.954151e+07 1.969187e+07 1.969255e+07 1.969259e+07 -4.702237e-01 1.037859e+07 1.037814e+07 2.214252e+02
7.437478e-04 1.967448e+07 1.967248e+07 1.993514e+06 1.851744e+06 1.949074e+07 1.967334e+07 1.967416e+07 1.967383e+07 -4.697591e-01 1.036871e+07 1.036821e+07 2.223537e+02
8.212376e-04 1.965291e+07 1.965066e+07 1.435074e+06 1.360590e+06 1.943022e+07 1.965155e+07 1.965256e+07 1.965191e+07 -4.692213e-01 1.035711e+07 1.035657e+07 2.202890e+02
9.068010e-04 1.962766e+07 1.962515e+07 1.156904e+06 1.140114e+06 1.935832e+07 1.962605e+07 1.962726e+07 1.962634e+07 -4.685992e-01 1.034356e+07 1.034298e+07 2.152187e+02
1.001279e-03 1.959819e+07 1.959543e+07 1.007036e+06 1.025477e+06 1.927320e+07 1.959629e+07 1.959776e+07 1.959655e+07 -4.678794e-01 1.032778e+07 1.032716e+07 2.073230e+02
1.105601e-03 1.956392e+07 1.956094e+07 8.391769e+05 8.644664e+05 1.917283e+07 1.956169e+07 1.956345e+07 1.956191e+07 -4.670466e-01 1.030946e+07 1.030881e+07 1.969287e+02
1.220791e-03 1.952419e+07 1.952102e+07 6.006262e+05 6.107277e+05 1.905501e+07 1.952158e+07 1.952369e+07 1.952173e+07 -4.660834e-01 1.028827e+07 1.028759e+07 1.844424e+02
1.347984e-03 1.947825e+07 1.947494e+07 3.653840e+05 3.549901e+05 1.891766e+07 1.947521e+07 1.947773e+07 1.947530e+07 -4.649711e-01 1.026380e+07 1.026311e+07 1.703196e+02
1.488428e-03 1.942529e+07 1.942188e+07 2.430241e+05 2.226718e+05 1.875902e+07 1.942175e+07 1.942475e+07 1.942181e+07 -4.636903e-01 1.023561e+07 1.023492e+07 1.551106e+02
1.643505e-03 1.936439e+07 1.936094e+07 2.243671e+05 -1.745037e+05 1.857705e+07 1.936030e+07 1.936385e+07 1.936032e+07 -4.622189e-01 1.020324e+07 1.020256e+07 1.395279e+02
1.814739e-03 1.929459e+07 1.929113e+07 1.814154e+05 -1.426022e+05 1.837011e+07 1.928988e+07 1.929405e+07 1.928990e+07 -4.605355e-01 1.016615e+07 1.016547e+07 1.243990e+02
2.003814e-03 1.921482e+07 1.921136e+07 8.456993e+04 -1.164724e+05 1.813683e+07 1.920942e+07 1.921427e+07 1.920942e+07 -4.586126e-01 1.012378e+07 1.012312e+07 1.104645e+02
2.212588e-03 1.912395e+07 1.912048e+07 5.131096e+04 -9.507562e+04 1.787631e+07 1.911777e+07 1.912340e+07 1.911778e+07 -4.564232e-01 1.007554e+07 1.007488e+07 9.821722e+01
2.443114e-03 1.902078e+07 1.901725e+07 6.178800e+04 -7.755941e+04 1.758810e+07 1.901377e+07 1.902023e+07 1.901377e+07 -4.539388e-01 1.002079e+07 1.002015e+07 8.788958e+01
2.697658e-03 1.890408e+07 1.890043e+07 2.442236e+04 -6.322399e+04 1.727217e+07 1.889615e+07 1.890351e+07 1.889615e+07 -4.511299e-01 9.958893e+06 9.958250e+06 7.936933e+01
2.978722e-03 1.877258e+07 1.876874e+07 2.165538e+04 -5.149660e+04 1.692831e+07 1.876366e+07 1.877198e+07 1.876366e+07 -4.479660e-01 9.889173e+06 9.888529e+06 7.214633e+01
3.289070e-03 1.862499e+07 1.862092e+07 1.010713e+04 -4.190696e+04 1.655620e+07 1.861502e+07 1.862435e+07 1.861502e+07 -4.444166e-01 9.810960e+06 9.810312e+06 6.560017e+01
3.631753e-03 1.846000e+07 1.845569e+07 4.003831e+03 -3.406945e+04 1.615497e+07 1.844893e+07 1.845933e+07 1.844893e+07 -4.404508e-01 9.723568e+06 9.722922e+06 5.929009e+01
4.010139e-03 1.827632e+07 1.827174e+07 -5.070936e+03 -2.766771e+04 1.572350e+07 1.826409e+07 1.827560e+07 1.826408e+07 -4.360374e-01 9.626309e+06 9.625669e+06 5.321419e+01
4.427949e-03 1.807260e+07 1.806772e+07 1.942923e+03 -2.244220e+04 1.526043e+07 1.805916e+07 1.807184e+07 1.805915e+07 -4.311445e-01 9.518484e+06 9.517851e+06 4.770449e+01
4.889290e-03 1.784754e+07 1.784224e+07 -5.076780e+02 -1.817988e+04 1.476641e+07 1.783281e+07 1.784671e+07 1.783281e+07 -4.257405e-01 9.399393e+06 9.398763e+06 4.298705e+01
5.398697e-03 1.759980e+07 1.759399e+07 -3.503769e+03 -1.470606e+04 1.424140e+07 1.758374e+07 1.759888e+07 1.758374e+07 -4.197938e-01 9.268337e+06 9.267709e+06 3.886273e+01
5.961178e-03 1.732804e+07 1.732164e+07 -2.341999e+03 -1.187744e+04 1.368483e+07 1.731061e+07 1.732704e+07 1.731061e+07 -4.132729e-01 9.124619e+06 9.123993e+06 3.500730e+01
6.582264e-03 1.703133e+07 1.702422e+07 -2.204774e+03 -9.576754e+03 1.306545e+07 1.701233e+07 1.703021e+07 1.701233e+07 -4.061517e-01 8.967677e+06 8.967056e+06 3.145661e+01
7.268059e-03 1.670738e+07 1.669941e+07 -2.094787e+03 -7.706912e+03 1.243217e+07 1.668685e+07 1.670613e+07 1.668685e+07 -3.983810e-01 8.796402e+06 8.795783e+06 2.838282e+01
8.025306e-03 1.635501e+07 1.634601e+07 -2.917648e+03 -6.189154e+03 1.177212e+07 1.633294e+07 1.635360e+07 1.633294e+07 -3.899315e-01 8.610142e+06 8.609526e+06 2.562267e+01
8.861450e-03 1.597336e+07 1.596314e+07 -2.204528e+03 -4.958971e+03 1.109457e+07 1.594976e+07 1.597175e+07 1.594976e+07 -3.807833e-01 8.408461e+06 8.407848e+06 2.310398e+01
9.784710e-03 1.556108e+07 1.554941e+07 -1.607225e+03 -3.963316e+03 1.040036e+07 1.553598e+07 1.555924e+07 1.553598e+07 -3.709047e-01 8.190656e+06 8.190044e+06 2.090797e+01
1.080416e-02 1.511676e+07 1.510341e+07 -1.868114e+03 -3.158709e+03 9.688987e+06 1.509019e+07 1.511466e+07 1.509019e+07 -3.602621e-01 7.955985e+06 7.955373e+06 1.891630e+01
1.192983e-02 1.463918e+07 1.462384e+07 -1.390226e+03 -2.509606e+03 8.966142e+06 1.461119e+07 1.463677e+07 1.461119e+07 -3.488263e-01 7.703797e+06 7.703183e+06 1.716793e+01
1.317278e-02 1.412727e+07 1.410964e+07 -1.078761e+03 -1.986968e+03 8.239590e+06 1.409795e+07 1.412450e+07 1.409795e+07 -3.365733e-01 7.433550e+06 7.432935e+06 1.559649e+01
1.454523e-02 1.358009e+07 1.355984e+07 -9.865692e+02 -1.567057e+03 7.515915e+06 1.354957e+07 1.357690e+07 1.354957e+07 -3.234811e-01 7.144760e+06 7.144141e+06 1.420988e+01
1.606067e-02 1.299712e+07 1.297392e+07 -8.804146e+02 -1.230506e+03 6.797629e+06 1.296553e+07 1.299347e+07 1.296553e+07 -3.095377e-01 6.837156e+06 6.836532e+06 1.296710e+01
1.773401e-02 1.237844e+07 1.235197e+07 -6.082349e+02 -9.615223e+02 6.094152e+06 1.234595e+07 1.237428e+07 1.234595e+07 -2.947460e-01 6.510790e+06 6.510160e+06 1.184979e+01
1.958169e-02 1.172511e+07 1.169510e+07 -5.403764e+02 -7.472558e+02 5.411061e+06 1.169193e+07 1.172039e+07 1.169193e+07 -2.791320e-01 6.166234e+06 6.165598e+06 1.083719e+01
2.162187e-02 1.103962e+07 1.100592e+07 -2.930386e+02 -5.772518e+02 4.755430e+06 1.100600e+07 1.103432e+07 1.100600e+07 -2.627562e-01 5.804814e+06 5.804172e+06 9.903940e+00
2.387462e-02 1.032650e+07 1.028908e+07 -2.890119e+02 -4.430178e+02 4.134052e+06 1.029271e+07 1.032061e+07 1.029271e+07 -2.457271e-01 5.428924e+06 5.428278e+06 9.026440e+00
2.636207e-02 9.592921e+06 9.552033e+06 -2.441927e+02 -3.376546e+02 3.553810e+06 9.559282e+06 9.586490e+06 9.559282e+06 -2.282172e-01 5.042369e+06 5.041722e+06 8.178083e+00
2.910870e-02 8.849383e+06 8.805564e+06 -1.603605e+02 -2.555554e+02 3.020392e+06 8.816232e+06 8.842490e+06 8.816232e+06 -2.104777e-01 4.650692e+06 4.650052e+06 7.341456e+00
3.214148e-02 8.110001e+06 8.064192e+06 -1.397954e+02 -1.921502e+02 2.539036e+06 8.077702e+06 8.102794e+06 8.077702e+06 -1.928461e-01 4.261350e+06 4.260724e+06 6.496923e+00
3.549025e-02 7.392254e+06 7.345834e+06 -9.930061e+01 -1.436961e+02 2.113564e+06 7.361178e+06 7.384952e+06 7.361178e+06 -1.757399e-01 3.883568e+06 3.882968e+06 5.635198e+00
3.918792e-02 6.715688e+06 6.670442e+06 -7.291925e+01 -1.071055e+02 1.745902e+06 6.686188e+06 6.708570e+06 6.686188e+06 -1.596253e-01 3.527650e+06 3.527091e+06 4.757159e+00
4.327085e-02 6.099112e+06 6.057088e+06 -7.340264e+01 -7.980924e+01 1.435507e+06 6.071498e+06 6.092502e+06 6.071498e+06 -1.449503e-01 3.203501e+06 3.202998e+06 3.878482e+00
4.759793e-02 5.573952e+06 5.536916e+06 -5.914207e+01 -6.030132e+01 1.187463e+06 5.548369e+06 5.568126e+06 5.548369e+06 -1.324611e-01 2.927617e+06 2.927180e+06 3.062609e+00
5.192502e-02 5.160336e+06 5.129102e+06 -4.602572e+01 -4.692758e+01 1.000349e+06 5.136683e+06 5.155422e+06 5.136683e+06 -1.226326e-01 2.710494e+06 2.710124e+06 2.379307e+00
5.625210e-02 4.824084e+06 4.798635e+06 -3.667541e+01 -3.739386e+01 8.549891e+05 4.802198e+06 4.820081e+06 4.802198e+06 -1.146471e-01 2.534081e+06 2.533771e+06 1.834509e+00
6.057919e-02 4.539070e+06 4.518686e+06 -2.976506e+01 -3.034799e+01 7.386448e+05 4.518738e+06 4.535864e+06 4.518738e+06 -1.078798e-01 2.384571e+06 2.384312e+06 1.425727e+00
6.490627e-02 4.285704e+06 4.269184e+06 -2.448867e+01 -2.496816e+01 6.428065e+05 4.266688e+06 4.283106e+06 4.266688e+06 -1.018624e-01 2.251622e+06 2.251400e+06 1.140970e+00
6.923336e-02 4.047748e+06 4.033670e+06 -2.033313e+01 -2.073118e+01 5.615317e+05 4.029820e+06 4.045533e+06 4.029820e+06 -9.620745e-02 2.126674e+06 2.126474e+06 9.600316e-01
7.356045e-02 3.813194e+06 3.800171e+06 -1.697074e+01 -1.730290e+01 4.908316e+05 3.796170e+06 3.811145e+06 3.796170e+06 -9.062931e-02 2.003413e+06 2.003224e+06 8.577062e-01
7.788753e-02 3.578335e+06 3.565230e+06 -1.420691e+01 -1.448492e+01 4.286255e+05 3.562078e+06 3.576274e+06 3.562078e+06 -8.504061e-02 1.879911e+06 1.879723e+06 8.078613e-01
8.221462e-02 3.346198e+06 3.332261e+06 -1.192451e+01 -1.215782e+01 3.740007e+05 3.330611e+06 3.344006e+06 3.330611e+06 -7.951460e-02 1.757788e+06 1.757594e+06 7.864169e-01
8.654170e-02 3.123162e+06 3.108086e+06 -1.004496e+01 -1.024146e+01 3.265347e+05 3.108188e+06 3.120791e+06 3.108188e+06 -7.420452e-02 1.640430e+06 1.640230e+06 7.735565e-01
9.086879e-02 2.915440e+06 2.899331e+06 -8.505294e+00 -8.671646e+00 2.858060e+05 2.901058e+06 2.912906e+06 2.901058e+06 -6.925950e-02 1.531137e+06 1.530932e+06 7.550532e-01
9.625112e-02 2.685659e+06 2.668882e+06 -6.983419e+00 -7.119982e+00 2.437544e+05 2.672018e+06 2.683020e+06 2.672018e+06 -6.379145e-02 1.410280e+06 1.410074e+06 7.124724e-01
1.016334e-01 2.493370e+06 2.476894e+06 -5.815280e+00 -5.928984e+00 2.101820e+05 2.480493e+06 2.490778e+06 2.480493e+06 -5.921899e-02 1.309214e+06 1.309017e+06 6.455917e-01
1.070158e-01 2.340088e+06 2.324868e+06 -4.923154e+00 -5.019404e+00 1.837465e+05 2.327980e+06 2.337694e+06 2.327980e+06 -5.557791e-02 1.228732e+06 1.228553e+06 5.610576e-01
1.123981e-01 2.220496e+06 2.207195e+06 -4.235529e+00 -4.318329e+00 1.628488e+05 2.209134e+06 2.218404e+06 2.209134e+06 -5.274058e-02 1.166016e+06 1.165858e+06 4.706552e-01
1.177804e-01 2.123892e+06 2.112740e+06 -3.690116e+00 -3.762249e+00 1.458442e+05 2.113224e+06 2.122137e+06 2.113224e+06 -5.045086e-02 1.115404e+06 1.115267e+06 3.866401e-01
1.231628e-01 2.038422e+06 2.029211e+06 -3.239398e+00 -3.302717e+00 1.313572e+05 2.028379e+06 2.036973e+06 2.028379e+06 -4.842527e-02 1.070629e+06 1.070512e+06 3.183367e-01
1.285451e-01 1.954635e+06 1.946830e+06 -2.851969e+00 -2.907712e+00 1.184488e+05 1.945132e+06 1.953407e+06 1.945132e+06 -4.643783e-02 1.026697e+06 1.026593e+06 2.703276e-01
1.339274e-01 1.867120e+06 1.860042e+06 -2.509942e+00 -2.558996e+00 1.066039e+05 1.858072e+06 1.866007e+06 1.858072e+06 -4.435938e-02 9.807524e+05 9.806551e+05 2.422274e-01
1.393097e-01 1.774683e+06 1.767698e+06 -2.204989e+00 -2.248080e+00 9.563827e+04 1.766017e+06 1.773584e+06 1.766017e+06 -4.216166e-02 9.321701e+05 9.320742e+05 2.297386e-01
1.446921e-01 1.679329e+06 1.671996e+06 -1.934171e+00 -1.971967e+00 8.556343e+04 1.670993e+06 1.678176e+06 1.670993e+06 -3.989309e-02 8.820205e+05 8.819222e+05 2.264439e-01
1.500744e-01 1.584868e+06 1.577013e+06 -1.696746e+00 -1.729900e+00 7.646738e+04 1.576835e+06 1.583632e+06 1.576835e+06 -3.764516e-02 8.323264e+05 8.322249e+05 2.257518e-01
1.554567e-01 1.495955e+06 1.487667e+06 -1.492532e+00 -1.521693e+00 6.845382e+04 1.488219e+06 1.494651e+06 1.488219e+06 -3.552957e-02 7.855570e+05 7.854533e+05 2.224979e-01
1.608391e-01 1.417060e+06 1.408614e+06 -1.320759e+00 -1.346563e+00 6.158807e+04 1.409624e+06 1.415732e+06 1.409624e+06 -3.365320e-02 7.440756e+05 7.439726e+05 2.138423e-01
1.662214e-01 1.350765e+06 1.342520e+06 -1.178780e+00 -1.201809e+00 5.583743e+04 1.343634e+06 1.349468e+06 1.343634e+06 -3.207774e-02 7.092459e+05 7.091466e+05 1.993617e-01
1.716037e-01 1.296646e+06 1.288930e+06 -1.061742e+00 -1.082484e+00 5.104847e+04 1.289820e+06 1.295432e+06 1.289820e+06 -3.079300e-02 6.808428e+05 6.807499e+05 1.805345e-01
1.769861e-01 1.251954e+06 1.244980e+06 -9.638234e-01 -9.826515e-01 4.700122e+04 1.245427e+06 1.250857e+06 1.245427e+06 -2.973318e-02 6.574119e+05 6.573271e+05 1.599236e-01
1.823684e-01 1.213238e+06 1.207066e+06 -8.797826e-01 -8.969687e-01 4.348468e+04 1.206996e+06 1.212267e+06 1.206996e+06 -2.881566e-02 6.371272e+05 6.370505e+05 1.402984e-01
1.877507e-01 1.177175e+06 1.171714e+06 -8.054623e-01 -8.211964e-01 4.032497e+04 1.171193e+06 1.176316e+06 1.171193e+06 -2.796092e-02 6.182299e+05 6.181602e+05 1.238688e-01
1.931330e-01 1.140852e+06 1.135905e+06 -7.377568e-01 -7.521680e-01 3.738947e+04 1.135101e+06 1.140074e+06 1.135101e+06 -2.709925e-02 5.991799e+05 5.991152e+05 1.118077e-01
1.985154e-01 1.102359e+06 1.097685e+06 -6.747599e-01 -6.879402e-01 3.459778e+04 1.096811e+06 1.101624e+06 1.096811e+06 -2.618514e-02 5.789702e+05 5.789082e+05 1.041540e-01
2.038977e-01 1.061419e+06 1.056799e+06 -6.158596e-01 -6.278889e-01 3.193114e+04 1.056053e+06 1.060692e+06 1.056053e+06 -2.521207e-02 5.574571e+05 5.573959e+05 1.000319e-01
2.092800e-01 1.019192e+06 1.014477e+06 -5.613257e-01 -5.722894e-01 2.941509e+04 1.013990e+06 1.018450e+06 1.013990e+06 -2.420787e-02 5.352554e+05 5.351939e+05 9.804089e-02
2.146624e-01 9.774581e+05 9.725914e+05 -5.116706e-01 -5.216641e-01 2.708748e+04 9.724098e+05 9.766925e+05 9.724098e+05 -2.321519e-02 5.133085e+05 5.132463e+05 9.668248e-02
2.200447e-01 9.379716e+05 9.329880e+05 -4.672636e-01 -4.763895e-01 2.497924e+04 9.330736e+05 9.371876e+05 9.330736e+05 -2.227608e-02 4.925458e+05 4.924833e+05 9.473051e-02
2.254270e-01 9.021320e+05 8.971301e+05 -4.282007e-01 -4.365634e-01 2.310632e+04 8.973843e+05 9.013451e+05 8.973843e+05 -2.142404e-02 4.737078e+05 4.736459e+05 9.146677e-02
2.308094e-01 8.706932e+05 8.657991e+05 -3.942312e-01 -4.019303e-01 2.146538e+04 8.660968e+05 8.699234e+05 8.660968e+05 -2.067709e-02 4.571930e+05 4.571330e+05 8.674343e-02
2.361917e-01 8.435841e+05 8.389132e+05 -3.647572e-01 -3.718806e-01 2.003292e+04 8.391384e+05 8.428493e+05 8.391384e+05 -2.003349e-02 4.429631e+05 4.429058e+05 8.089243e-02
2.415740e-01 8.200369e+05 8.156656e+05 -3.389662e-01 -3.455858e-01 1.877173e+04 8.157386e+05 8.193492e+05 8.157386e+05 -1.947484e-02 4.306115e+05 4.305575e+05 7.453912e-02
2.469563e-01 7.988880e+05 7.948385e+05 -3.160025e-01 -3.221737e-01 1.764049e+04 7.947304e+05 7.982510e+05 7.947304e+05 -1.897330e-02 4.195223e+05 4.194716e+05 6.838270e-02
2.523387e-01 7.788456e+05 7.750882e+05 -2.950864e-01 -3.008491e-01 1.660010e+04 7.748196e+05 7.782546e+05 7.748196e+05 -1.849795e-02 4.090122e+05 4.089646e+05 6.300171e-02
2.577210e-01 7.587779e+05 7.552450e+05 -2.756110e-01 -2.809932e-01 1.561980e+04 7.548730e+05 7.582222e+05 7.548730e+05 -1.802175e-02 3.984834e+05 3.984380e+05 5.873089e-02
2.631033e-01 7.380369e+05 7.346442e+05 -2.572268e-01 -2.622500e-01 1.468237e+04 7.342432e+05 7.375031e+05 7.342432e+05 -1.752923e-02 3.875939e+05 3.875501e+05 5.562605e-02
2.684857e-01 7.165904e+05 7.132596e+05 -2.398406e-01 -2.445241e-01 1.378450e+04 7.128992e+05 7.160665e+05 7.128992e+05 -1.701967e-02 3.763275e+05 3.762844e+05 5.350288e-02
2.738680e-01 6.948402e+05 6.915154e+05 -2.235084e-01 -2.278730e-01 1.293143e+04 6.912441e+05 6.943172e+05 6.912441e+05 -1.650268e-02 3.648969e+05 3.648542e+05 5.202194e-02
2.792503e-01 6.733446e+05 6.700019e+05 -2.083227e-01 -2.123906e-01 1.213034e+04 6.698391e+05 6.728188e+05 6.698391e+05 -1.599166e-02 3.535982e+05 3.535557e+05 5.079496e-02
2.846327e-01 6.526802e+05 6.493270e+05 -1.943625e-01 -1.981578e-01 1.138777e+04 6.492629e+05 6.521528e+05 6.492629e+05 -1.550042e-02 3.427370e+05 3.426947e+05 4.948631e-02
2.900150e-01 6.333779e+05 6.300450e+05 -1.816774e-01 -1.852249e-01 1.070849e+04 6.300478e+05 6.328536e+05 6.300478e+05 -1.504168e-02 3.325941e+05 3.325525e+05 4.788361e-02
2.953973e-01 6.157896e+05 6.125189e+05 -1.702549e-01 -1.735793e-01 1.009351e+04 6.125458e+05 6.152751e+05 6.125458e+05 -1.462384e-02 3.233555e+05 3.233148e+05 4.592196e-02
3.007796e-01 5.999452e+05 5.967771e+05 -1.599930e-01 -1.631170e-01 9.538490e+03 5.967864e+05 5.994469e+05 5.967864e+05 -1.424760e-02 3.150367e+05 3.149972e+05 4.366593e-02
3.061620e-01 5.855619e+05 5.825244e+05 -1.507182e-01 -1.536611e-01 9.034462e+03 5.824861e+05 5.850841e+05 5.824861e+05 -1.390620e-02 3.074880e+05 3.074501e+05 4.126570e-02
3.115443e-01 5.722027e+05 5.693059e+05 -1.422383e-01 -1.450156e-01 8.571123e+03 5.692071e+05 5.717470e+05 5.692071e+05 -1.358918e-02 3.004783e+05 3.004420e+05 3.890365e-02
3.169266e-01 5.594352e+05 5.566714e+05 -1.343845e-01 -1.370085e-01 8.139246e+03 5.565161e+05 5.590004e+05 5.565161e+05 -1.328620e-02 2.937791e+05 2.937442e+05 3.674333e-02
3.223090e-01 5.469041e+05 5.442514e+05 -1.270258e-01 -1.295061e-01 7.731642e+03 5.440570e+05 5.464868e+05 5.440570e+05 -1.298875e-02 2.872023e+05 2.871686e+05 3.489137e-02
3.276913e-01 5.343608e+05 5.317902e+05 -1.200705e-01 -1.224149e-01 7.343382e+03 5.315813e+05 5.339564e+05 5.315813e+05 -1.269091e-02 2.806168e+05 2.805840e+05 3.338012e-02
3.330736e-01 5.217030e+05 5.191863e+05 -1.134689e-01 -1.156844e-01 6.971935e+03 5.189874e+05 5.213071e+05 5.189874e+05 -1.239024e-02 2.739689e+05 2.739368e+05 3.217273e-02
3.384559e-01 5.090021e+05 5.065174e+05 -1.072135e-01 -1.093068e-01 6.617337e+03 5.063473e+05 5.086112e+05 5.063473e+05 -1.208847e-02 2.672966e+05 2.672649e+05 3.118489e-02
3.438383e-01 4.964632e+05 4.939991e+05 -1.013237e-01 -1.033020e-01 6.281234e+03 4.938666e+05 4.960756e+05 4.938666e+05 -1.179051e-02 2.607084e+05 2.606772e+05 3.031334e-02
3.492206e-01 4.843272e+05 4.818831e+05 -9.582301e-02 -9.769392e-02 5.965530e+03 4.817871e+05 4.839428e+05 4.817871e+05 -1.150213e-02 2.543320e+05 2.543012e+05 2.946248e-02
3.546029e-01 4.727788e+05 4.703626e+05 -9.072001e-02 -9.249125e-02 5.671219e+03 4.702937e+05 4.723987e+05 4.702937e+05 -1.122773e-02 2.482650e+05 2.482346e+05 2.856404e-02
3.599853e-01 4.619112e+05 4.595360e+05 -8.600418e-02 -8.768335e-02 5.398038e+03 4.594803e+05 4.615375e+05 4.594803e+05 -1.096958e-02 2.425569e+05 2.425271e+05 2.758731e-02
3.653676e-01 4.517387e+05 4.494179e+05 -8.165082e-02 -8.324498e-02 5.144854e+03 4.493611e+05 4.513736e+05 4.493611e+05 -1.072799e-02 2.372152e+05 2.371861e+05 2.653906e-02
3.707499e-01 4.422101e+05 4.399539e+05 -7.762547e-02 -7.914104e-02 4.909826e+03 4.398845e+05 4.418552e+05 4.398845e+05 -1.050175e-02 2.322127e+05 2.321844e+05 2.545431e-02
3.761322e-01 4.332123e+05 4.310253e+05 -7.388611e-02 -7.532866e-02 4.690613e+03 4.309372e+05 4.328682e+05 4.309372e+05 -1.028814e-02 2.274895e+05 2.274621e+05 2.438138e-02
3.815146e-01 4.245885e+05 4.224692e+05 -7.038736e-02 -7.176159e-02 4.484605e+03 4.223619e+05 4.242551e+05 4.223619e+05 -1.008342e-02 2.229628e+05 2.229361e+05 2.336681e-02
3.868969e-01 4.161836e+05 4.141252e+05 -6.708849e-02 -6.839831e-02 4.289412e+03 4.140036e+05 4.158598e+05 4.140036e+05 -9.883870e-03 2.185506e+05 2.185246e+05 2.244403e-02
3.922792e-01 4.078907e+05 4.058837e+05 -6.396028e-02 -6.520902e-02 4.103379e+03 4.057553e+05 4.075750e+05 4.057553e+05 -9.686952e-03 2.141965e+05 2.141711e+05 2.162779e-02
3.976616e-01 3.996705e+05 3.977044e+05 -6.098658e-02 -6.217726e-02 3.925612e+03 3.975778e+05 3.993612e+05 3.975778e+05 -9.491723e-03 2.098798e+05 2.098548e+05 2.091377e-02
4.030439e-01 3.915394e+05 3.896057e+05 -5.816091e-02 -5.929641e-02 3.755860e+03 3.894877e+05 3.912352e+05 3.894877e+05 -9.298582e-03 2.056092e+05 2.055847e+05 2.028249e-02
4.084262e-01 3.835462e+05 3.816392e+05 -5.548184e-02 -5.656504e-02 3.594172e+03 3.815339e+05 3.832462e+05 3.815339e+05 -9.108694e-03 2.014105e+05 2.013864e+05 1.970607e-02
4.138086e-01 3.757508e+05 3.738688e+05 -5.294942e-02 -5.398317e-02 3.440675e+03 3.737769e+05 3.754547e+05 3.737769e+05 -8.923505e-03 1.973158e+05 1.972920e+05 1.915598e-02
4.191909e-01 3.682127e+05 3.663569e+05 -5.056330e-02 -5.155046e-02 3.295494e+03 3.662763e+05 3.679208e+05 3.662763e+05 -8.744436e-03 1.933563e+05 1.933329e+05 1.860972e-02
4.245732e-01 3.609809e+05 3.591548e+05 -4.832145e-02 -4.926484e-02 3.158602e+03 3.590812e+05 3.606937e+05 3.590812e+05 -8.572660e-03 1.895582e+05 1.895352e+05 1.805474e-02
4.299555e-01 3.540793e+05 3.522868e+05 -4.621850e-02 -4.712082e-02 3.029778e+03 3.522153e+05 3.537973e+05 3.522153e+05 -8.408746e-03 1.859338e+05 1.859112e+05 1.748906e-02
4.353379e-01 3.474931e+05 3.457377e+05 -4.424436e-02 -4.510814e-02 2.908459e+03 3.456642e+05 3.472170e+05 3.456642e+05 -8.252344e-03 1.824755e+05 1.824534e+05 1.691913e-02
4.407202e-01 3.411759e+05 3.394593e+05 -4.238575e-02 -4.321323e-02 2.793868e+03 3.393810e+05 3.409059e+05 3.393810e+05 -8.102341e-03 1.791587e+05 1.791371e+05 1.635647e-02
4.461025e-01 3.350740e+05 3.333961e+05 -4.062951e-02 -4.142271e-02 2.685232e+03 3.333121e+05 3.348100e+05 3.333121e+05 -7.957453e-03 1.759550e+05 1.759339e+05 1.581395e-02
4.514849e-01 3.291440e+05 3.275030e+05 -3.896480e-02 -3.972551e-02 2.581894e+03 3.274142e+05 3.288858e+05 3.274142e+05 -7.816647e-03 1.728416e+05 1.728209e+05 1.530237e-02
4.568672e-01 3.233512e+05 3.217438e+05 -3.738263e-02 -3.811244e-02 2.483341e+03 3.216524e+05 3.230983e+05 3.216524e+05 -7.679089e-03 1.698000e+05 1.697797e+05 1.482784e-02
4.622495e-01 3.176652e+05 3.160876e+05 -3.587515e-02 -3.657552e-02 2.389105e+03 3.159962e+05 3.174170e+05 3.159962e+05 -7.544056e-03 1.668142e+05 1.667942e+05 1.439081e-02
4.676319e-01 3.120700e+05 3.105188e+05 -3.443674e-02 -3.510903e-02 2.298866e+03 3.104300e+05 3.118260e+05 3.104300e+05 -7.411168e-03 1.638759e+05 1.638562e+05 1.398692e-02
4.730142e-01 3.065749e+05 3.050475e+05 -3.306489e-02 -3.371040e-02 2.212515e+03 3.049631e+05 3.063347e+05 3.049631e+05 -7.280651e-03 1.609899e+05 1.609706e+05 1.360897e-02
4.783965e-01 3.012057e+05 2.997005e+05 -3.175897e-02 -3.237898e-02 2.130046e+03 2.996212e+05 3.009689e+05 2.996212e+05 -7.153119e-03 1.581700e+05 1.581510e+05 1.324892e-02
4.837789e-01 2.959850e+05 2.945018e+05 -3.051797e-02 -3.111375e-02 2.051448e+03 2.944271e+05 2.957517e+05 2.944271e+05 -7.029117e-03 1.554281e+05 1.554094e+05 1.289952e-02
4.891612e-01 2.909231e+05 2.894623e+05 -2.933963e-02 -2.991240e-02 1.976603e+03 2.893912e+05 2.906933e+05 2.893912e+05 -6.908890e-03 1.527697e+05 1.527513e+05 1.255563e-02
4.945435e-01 2.860223e+05 2.845849e+05 -2.822099e-02 -2.877192e-02 1.905358e+03 2.845159e+05 2.857962e+05 2.845159e+05 -6.792497e-03 1.501961e+05 1.501780e+05 1.221496e-02
4.999259e-01 2.812822e+05 2.798691e+05 -2.715899e-02 -2.768919e-02 1.837545e+03 2.798007e+05 2.810599e+05 2.798007e+05 -6.679926e-03 1.477070e+05 1.476891e+05 1.187803e-02
5.053082e-01 2.766972e+05 2.753089e+05 -2.615026e-02 -2.666077e-02 1.772962e+03 2.752398e+05 2.764788e+05 2.752398e+05 -6.571042e-03 1.452993e+05 1.452819e+05 1.154738e-02
5.106905e-01 2.722522e+05 2.708887e+05 -2.519076e-02 -2.568254e-02 1.711380e+03 2.708185e+05 2.720377e+05 2.708185e+05 -6.465488e-03 1.429654e+05 1.429482e+05 1.122631e-02
5.160728e-01 2.679255e+05 2.665862e+05 -2.427612e-02 -2.475004e-02 1.652519e+03 2.665149e+05 2.677148e+05 2.665149e+05 -6.362744e-03 1.406935e+05 1.406766e+05 1.091780e-02
5.214552e-01 2.636976e+05 2.623813e+05 -2.340242e-02 -2.385928e-02 1.596146e+03 2.623094e+05 2.634905e+05 2.623094e+05 -6.262342e-03 1.384735e+05 1.384568e+05 1.062387e-02
5.268375e-01 2.595572e+05 2.582627e+05 -2.256678e-02 -2.300733e-02 1.542087e+03 2.581909e+05 2.593536e+05 2.581909e+05 -6.164017e-03 1.362993e+05 1.362830e+05 1.034523e-02
5.322198e-01 2.555016e+05 2.542273e+05 -2.176719e-02 -2.219212e-02 1.490222e+03 2.541565e+05 2.553012e+05 2.541565e+05 -6.067700e-03 1.341696e+05 1.341535e+05 1.008128e-02
5.376021e-01 2.515303e+05 2.502751e+05 -2.100196e-02 -2.141196e-02 1.440465e+03 2.502058e+05 2.513329e+05 2.502058e+05 -5.973383e-03 1.320841e+05 1.320683e+05 9.830238e-03
5.429845e-01 2.476432e+05 2.464060e+05 -2.026953e-02 -2.066523e-02 1.392719e+03 2.463388e+05 2.474485e+05 2.463388e+05 -5.881063e-03 1.300427e+05 1.300271e+05 9.589702e-03
5.483668e-01 2.438423e+05 2.426228e+05 -1.956859e-02 -1.995060e-02 1.346920e+03 2.425577e+05 2.436505e+05 2.425577e+05 -5.790793e-03 1.280467e+05 1.280313e+05 9.357284e-03
5.537491e-01 2.401339e+05 2.389318e+05 -1.889821e-02 -1.926713e-02 1.303017e+03 2.388685e+05 2.399448e+05 2.388685e+05 -5.702718e-03 1.260992e+05 1.260841e+05 9.131139e-03
5.591314e-01 2.365234e+05 2.353387e+05 -1.825745e-02 -1.861387e-02 1.260961e+03 2.352768e+05 2.363370e+05 2.352768e+05 -5.616970e-03 1.242032e+05 1.241882e+05 8.910169e-03
5.645138e-01 2.330103e+05 2.318431e+05 -1.764497e-02 -1.798943e-02 1.220678e+03 2.317822e+05 2.328267e+05 2.317822e+05 -5.533539e-03 1.223584e+05 1.223437e+05 8.693981e-03
5.698961e-01 2.295884e+05 2.284388e+05 -1.705903e-02 -1.739205e-02 1.182057e+03 2.283783e+05 2.294076e+05 2.283783e+05 -5.452275e-03 1.205615e+05 1.205470e+05 8.482755e-03
5.752785e-01 2.262506e+05 2.251183e+05 -1.649796e-02 -1.682002e-02 1.145000e+03 2.250580e+05 2.260725e+05 2.250580e+05 -5.373008e-03 1.188087e+05 1.187945e+05 8.277108e-03
5.806608e-01 2.229922e+05 2.218770e+05 -1.596035e-02 -1.627192e-02 1.109417e+03 2.218168e+05 2.228168e+05 2.218168e+05 -5.295628e-03 1.170977e+05 1.170837e+05 8.077838e-03
5.860431e-01 2.198095e+05 2.187109e+05 -1.544493e-02 -1.574644e-02 1.075234e+03 2.186510e+05 2.196367e+05 2.186510e+05 -5.220046e-03 1.154265e+05 1.154126e+05 7.885611e-03
5.914254e-01 2.166965e+05 2.156140e+05 -1.495035e-02 -1.524220e-02 1.042369e+03 2.155544e+05 2.165262e+05 2.155544e+05 -5.146118e-03 1.137918e+05 1.137781e+05 7.700698e-03
5.968078e-01 2.136462e+05 2.125792e+05 -1.447527e-02 -1.475784e-02 1.010732e+03 2.125202e+05 2.134784e+05 2.125202e+05 -5.073681e-03 1.121901e+05 1.121766e+05 7.522951e-03
6.021901e-01 2.106553e+05 2.096031e+05 -1.401865e-02 -1.429231e-02 9.802671e+02 2.095449e+05 2.104898e+05 2.095449e+05 -5.002650e-03 1.106194e+05 1.106062e+05 7.351916e-03
6.075724e-01 2.077249e+05 2.066870e+05 -1.357982e-02 -1.384491e-02 9.509302e+02 2.066298e+05 2.075617e+05 2.066298e+05 -4.933055e-03 1.090806e+05 1.090675e+05 7.186974e-03
6.129547e-01 2.048575e+05 2.038336e+05 -1.315822e-02 -1.341508e-02 9.226920e+02 2.037774e+05 2.046964e+05 2.037774e+05 -4.864957e-03 1.075748e+05 1.075619e+05 7.027429e-03
6.183371e-01 2.020528e+05 2.010425e+05 -1.275313e-02 -1.300209e-02 8.955122e+02 2.009873e+05 2.018939e+05 2.009873e+05 -4.798348e-03 1.061019e+05 1.060892e+05 6.872577e-03
6.237195e-01 1.993084e+05 1.983115e+05 -1.236375e-02 -1.260510e-02 8.693363e+02 1.982573e+05 1.991516e+05 1.982573e+05 -4.733171e-03 1.046608e+05 1.046482e+05 6.721843e-03
6.291018e-01 1.966233e+05 1.956398e+05 -1.198939e-02 -1.222343e-02 8.441290e+02 1.955863e+05 1.964686e+05 1.955863e+05 -4.669404e-03 1.032508e+05 1.032384e+05 6.574898e-03
6.553143e-01 1.843645e+05 1.834431e+05 -1.036060e-02 -1.056285e-02 7.339193e+02 1.833921e+05 1.842196e+05 1.833921e+05 -4.378280e-03 9.681344e+04 9.680181e+04 5.913602e-03
6.710609e-01 1.775685e+05 1.766812e+05 -9.515913e-03 -9.701673e-03 6.763973e+02 1.766318e+05 1.774289e+05 1.766318e+05 -4.216885e-03 9.324469e+04 9.323351e+04 5.561097e-03
7.173232e-01 1.597150e+05 1.589169e+05 -7.490804e-03 -7.637030e-03 5.373430e+02 1.588722e+05 1.595895e+05 1.588722e+05 -3.792895e-03 8.386941e+04 8.385935e+04 4.679005e-03
7.667748e-01 1.435829e+05 1.428654e+05 -5.893630e-03 -6.008677e-03 4.263693e+02 1.428249e+05 1.434700e+05 1.428249e+05 -3.409783e-03 7.539805e+04 7.538900e+04 3.934113e-03
8.196356e-01 1.290094e+05 1.283648e+05 -4.634457e-03 -4.724923e-03 3.379124e+02 1.283281e+05 1.289080e+05 1.283281e+05 -3.063690e-03 6.774520e+04 6.773707e+04 3.305764e-03
8.761405e-01 1.158529e+05 1.152742e+05 -3.642348e-03 -3.713448e-03 2.675016e+02 1.152410e+05 1.157619e+05 1.152410e+05 -2.751250e-03 6.083648e+04 6.082918e+04 2.776308e-03
9.365409e-01 1.039850e+05 1.034656e+05 -2.861158e-03 -2.917008e-03 2.115338e+02 1.034357e+05 1.039033e+05 1.034357e+05 -2.469410e-03 5.460439e+04 5.459785e+04 2.330439e-03
1.001105e+00 9.328628e+04 9.282038e+04 -2.246390e-03 -2.290240e-03 1.671026e+02 9.279335e+04 9.321299e+04 9.279335e+04 -2.215337e-03 4.898628e+04 4.898041e+04 1.955165e-03
1.070120e+00 8.364848e+04 8.323075e+04 -1.762875e-03 -1.797286e-03 1.318742e+02 8.320640e+04 8.358277e+04 8.320640e+04 -1.986459e-03 4.392528e+04 4.392002e+04 1.639487e-03
1.143894e+00 7.497030e+04 7.459595e+04 -1.382765e-03 -1.409757e-03 1.039732e+02 7.457403e+04 7.491141e+04 7.457403e+04 -1.780371e-03 3.936821e+04 3.936350e+04 1.374073e-03
1.222753e+00 6.716277e+04 6.682744e+04 -1.084135e-03 -1.105297e-03 8.190297e+01 6.680773e+04 6.711002e+04 6.680773e+04 -1.594959e-03 3.526833e+04 3.526411e+04 1.151074e-03
1.307048e+00 6.014199e+04 5.984174e+04 -8.496266e-04 -8.662111e-04 6.446233e+01 5.982402e+04 6.009476e+04 5.982402e+04 -1.428231e-03 3.158159e+04 3.157781e+04 9.638002e-04
1.397155e+00 5.383159e+04 5.356287e+04 -6.655532e-04 -6.785446e-04 5.069420e+01 5.354696e+04 5.378932e+04 5.354696e+04 -1.278374e-03 2.826789e+04 2.826451e+04 8.065994e-04
1.493473e+00 4.816388e+04 4.792348e+04 -5.211493e-04 -5.313219e-04 3.983609e+01 4.790919e+04 4.812606e+04 4.790919e+04 -1.143778e-03 2.529167e+04 2.528865e+04 6.747239e-04
1.596432e+00 4.307550e+04 4.286051e+04 -4.079115e-04 -4.158738e-04 3.128081e+01 4.284770e+04 4.304168e+04 4.284770e+04 -1.022941e-03 2.261967e+04 2.261697e+04 5.641410e-04
1.706489e+00 3.850980e+04 3.831762e+04 -3.191551e-04 -3.253849e-04 2.454580e+01 3.830613e+04 3.847957e+04 3.830613e+04 -9.145159e-04 2.022214e+04 2.021973e+04 4.714610e-04
1.824133e+00 3.441502e+04 3.424330e+04 -2.496166e-04 -2.544890e-04 1.924813e+01 3.423301e+04 3.438801e+04 3.423301e+04 -8.172746e-04 1.807191e+04 1.806976e+04 3.938196e-04
1.949887e+00 3.074428e+04 3.059088e+04 -1.951571e-04 -1.989664e-04 1.508437e+01 3.058167e+04 3.072015e+04 3.058167e+04 -7.301029e-04 1.614434e+04 1.614241e+04 3.288070e-04
2.084310e+00 2.745541e+04 2.731844e+04 -1.525255e-04 -1.555028e-04 1.181437e+01 2.731019e+04 2.743387e+04 2.731019e+04 -6.520001e-04 1.441730e+04 1.441558e+04 2.743952e-04
2.228001e+00 2.450988e+04 2.438762e+04 -1.191654e-04 -1.214915e-04 9.247993e+00 2.438023e+04 2.449065e+04 2.438023e+04 -5.820507e-04 1.287055e+04 1.286902e+04 2.288750e-04
2.381597e+00 2.187296e+04 2.176386e+04 -9.307029e-05 -9.488697e-05 7.235240e+00 2.175726e+04 2.185580e+04 2.175726e+04 -5.194301e-04 1.148586e+04 1.148449e+04 1.908094e-04
2.545782e+00 1.951338e+04 1.941607e+04 -7.266588e-05 -7.408427e-05 5.657679e+00 1.941016e+04 1.949807e+04 1.941016e+04 -4.633959e-04 1.024680e+04 1.024559e+04 1.589925e-04
2.721286e+00 1.740291e+04 1.731614e+04 -5.671712e-05 -5.782420e-05 4.421987e+00 1.731085e+04 1.738926e+04 1.731085e+04 -4.132772e-04 9.138561e+03 9.137479e+03 1.324100e-04
2.908889e+00 1.551582e+04 1.543847e+04 -4.425490e-05 -4.511873e-05 3.454573e+00 1.543375e+04 1.550366e+04 1.543375e+04 -3.684635e-04 8.147620e+03 8.146659e+03 1.102094e-04
3.109425e+00 1.382927e+04 1.376034e+04 -3.452073e-05 -3.519456e-05 2.697651e+00 1.375612e+04 1.381843e+04 1.375612e+04 -3.284118e-04 7.261982e+03 7.261127e+03 9.167691e-05
3.323786e+00 1.232245e+04 1.226104e+04 -2.691982e-05 -2.744527e-05 2.105709e+00 1.225727e+04 1.231279e+04 1.225727e+04 -2.926286e-04 6.470728e+03 6.469968e+03 7.621299e-05
3.552925e+00 1.097668e+04 1.092199e+04 -2.098649e-05 -2.139614e-05 1.643002e+00 1.091861e+04 1.096807e+04 1.091861e+04 -2.606697e-04 5.764038e+03 5.763364e+03 6.331484e-05
3.797861e+00 9.775199e+03 9.726507e+03 -1.635644e-05 -1.667571e-05 1.281494e+00 9.723493e+03 9.767539e+03 9.723493e+03 -2.321375e-04 5.133123e+03 5.132524e+03 5.256175e-05
4.059682e+00 8.702896e+03 8.659557e+03 -1.274444e-05 -1.299321e-05 9.991797e-01 8.656864e+03 8.696079e+03 8.656864e+03 -2.066729e-04 4.570039e+03 4.569508e+03 4.360082e-05
4.339552e+00 7.746189e+03 7.707625e+03 -9.927484e-06 -1.012126e-05 7.787927e-01 7.705218e+03 7.740123e+03 7.705218e+03 -1.839534e-04 4.067656e+03 4.067186e+03 3.613673e-05
4.638717e+00 6.892909e+03 6.858604e+03 -7.731212e-06 -7.882121e-06 6.068135e-01 6.856453e+03 6.887513e+03 6.856453e+03 -1.636901e-04 3.619585e+03 3.619169e+03 2.992245e-05
4.958507e+00 6.132089e+03 6.101582e+03 -6.019318e-06 -6.136812e-06 4.726730e-01 6.099657e+03 6.127290e+03 6.099657e+03 -1.456225e-04 3.220065e+03 3.219698e+03 2.475110e-05
5.300342e+00 5.453944e+03 5.426822e+03 -4.685364e-06 -4.776820e-06 3.680733e-01 5.425101e+03 5.449678e+03 5.425101e+03 -1.295182e-04 2.863961e+03 2.863636e+03 2.044995e-05
5.665742e+00 4.849644e+03 4.825539e+03 -3.646164e-06 -3.717336e-06 2.865390e-01 4.823999e+03 4.845852e+03 4.823999e+03 -1.151675e-04 2.546633e+03 2.546346e+03 1.687439e-05
6.056334e+00 4.311319e+03 4.289901e+03 -2.836810e-06 -2.892183e-06 2.230050e-01 4.288522e+03 4.307950e+03 4.288522e+03 -1.023836e-04 2.263949e+03 2.263697e+03 1.390375e-05
6.473852e+00 3.831888e+03 3.812865e+03 -2.206615e-06 -2.249687e-06 1.735163e-01 3.811628e+03 3.828896e+03 3.811628e+03 -9.099834e-05 2.012193e+03 2.011971e+03 1.143715e-05
6.920153e+00 3.405034e+03 3.388141e+03 -1.716045e-06 -1.749542e-06 1.349724e-01 3.387032e+03 3.402377e+03 3.387032e+03 -8.086160e-05 1.788045e+03 1.787850e+03 9.390407e-06
7.397222e+00 3.025083e+03 3.010087e+03 -1.334252e-06 -1.360296e-06 1.049663e-01 3.009092e+03 3.022724e+03 3.009092e+03 -7.183869e-05 1.588526e+03 1.588355e+03 7.693240e-06
7.907180e+00 2.686976e+03 2.673668e+03 -1.037188e-06 -1.057434e-06 8.161252e-02 2.672774e+03 2.684882e+03 2.672774e+03 -6.380947e-05 1.410980e+03 1.410831e+03 6.287039e-06
8.452294e+00 2.386170e+03 2.374365e+03 -8.060994e-07 -8.218344e-07 6.343957e-02 2.373560e+03 2.384313e+03 2.373560e+03 -5.666609e-05 1.253023e+03 1.252893e+03 5.122882e-06
9.034987e+00 2.118625e+03 2.108155e+03 -6.263748e-07 -6.386017e-07 4.930291e-02 2.107431e+03 2.116978e+03 2.107431e+03 -5.031254e-05 1.112530e+03 1.112417e+03 4.160021e-06
9.657851e+00 1.880713e+03 1.871431e+03 -4.866263e-07 -4.961254e-07 3.830788e-02 1.870778e+03 1.879253e+03 1.870778e+03 -4.466272e-05 9.875986e+02 9.875013e+02 3.364464e-06
1.032366e+01 1.669203e+03 1.660978e+03 -3.779853e-07 -3.853637e-07 2.975896e-02 1.660387e+03 1.667909e+03 1.660387e+03 -3.963987e-05 8.765313e+02 8.764475e+02 2.707908e-06
1.103536e+01 1.481209e+03 1.473923e+03 -2.935450e-07 -2.992751e-07 2.311344e-02 1.473388e+03 1.480063e+03 1.473388e+03 -3.517548e-05 7.778125e+02 7.777408e+02 2.166778e-06
1.179613e+01 1.314150e+03 1.307698e+03 -2.279268e-07 -2.323761e-07 1.794866e-02 1.307213e+03 1.313135e+03 1.307213e+03 -3.120823e-05 6.900870e+02 6.900261e+02 1.721438e-06
1.260934e+01 1.165728e+03 1.160018e+03 -1.769456e-07 -1.803998e-07 1.393493e-02 1.159576e+03 1.164830e+03 1.159576e+03 -2.768358e-05 6.121484e+02 6.120972e+02 1.355553e-06
1.347862e+01 1.033892e+03 1.028841e+03 -1.373440e-07 -1.400251e-07 1.081703e-02 1.028438e+03 1.033098e+03 1.028438e+03 -2.455281e-05 5.429193e+02 5.428766e+02 1.055532e-06
1.440782e+01 9.168108e+02 9.123454e+02 -1.065873e-07 -1.086680e-07 8.395121e-03 9.119767e+02 9.161083e+02 9.119767e+02 -2.177242e-05 4.814380e+02 4.814030e+02 8.100662e-07
1.540108e+01 8.128543e+02 8.089088e+02 -8.270458e-08 -8.431911e-08 6.514509e-03 8.085705e+02 8.122336e+02 8.085705e+02 -1.930371e-05 4.268488e+02 4.268207e+02 6.097593e-07
1.646282e+01 7.205695e+02 7.170856e+02 -6.416280e-08 -6.541539e-08 5.054254e-03 7.167742e+02 7.200214e+02 7.167742e+02 -1.711218e-05 3.783886e+02 3.783666e+02 4.468007e-07
1.759775e+01 6.386612e+02 6.355872e+02 -4.977005e-08 -5.074168e-08 3.920742e-03 6.352994e+02 6.381776e+02 6.352994e+02 -1.516706e-05 3.353773e+02 3.353607e+02 3.147019e-07
1.881093e+01 5.659758e+02 5.632657e+02 -3.859979e-08 -3.935336e-08 3.040994e-03 5.629988e+02 5.655494e+02 5.629988e+02 -1.344096e-05 2.972091e+02 2.971973e+02 2.080754e-07
2.010773e+01 5.014865e+02 4.990995e+02 -2.993196e-08 -3.051634e-08 2.358147e-03 4.988510e+02 5.011110e+02 4.988510e+02 -1.190951e-05 2.633448e+02 2.633374e+02 1.224497e-07
2.149394e+01 4.442791e+02 4.421787e+02 -2.320705e-08 -2.366015e-08 1.828444e-03 4.419465e+02 4.439487e+02 4.419465e+02 -1.055098e-05 2.333043e+02 2.333008e+02 5.411562e-08
2.297572e+01 3.935401e+02 3.916941e+02 -1.799038e-08 -1.834163e-08 1.417498e-03 3.914761e+02 3.932497e+02 3.914761e+02 -9.346052e-06 2.066604e+02 2.066604e+02 -2.465375e-12
2.455964e+01 3.485456e+02 3.469254e+02 -1.394432e-08 -1.421659e-08 1.098762e-03 3.467200e+02 3.482908e+02 3.467200e+02 -8.277550e-06 1.830332e+02 1.830363e+02 -4.245318e-08
2.625276e+01 3.086518e+02 3.072320e+02 -1.080667e-08 -1.101768e-08 8.515626e-04 3.070374e+02 3.084285e+02 3.070374e+02 -7.330174e-06 1.620843e+02 1.620903e+02 -7.534710e-08
2.806260e+01 2.732861e+02 2.720440e+02 -8.373835e-09 -8.537353e-09 6.598762e-04 2.718591e+02 2.730907e+02 2.718591e+02 -6.490331e-06 1.435133e+02 1.435218e+02 -1.004311e-07
2.999722e+01 2.419395e+02 2.408550e+02 -6.487779e-09 -6.614475e-09 5.112898e-04 2.406785e+02 2.417689e+02 2.406785e+02 -5.745928e-06 1.270527e+02 1.270634e+02 -1.191496e-07
3.206520e+01 2.141593e+02 2.132148e+02 -5.025822e-09 -5.123975e-09 3.960850e-04 2.130455e+02 2.140107e+02 2.130455e+02 -5.086223e-06 1.124650e+02 1.124777e+02 -1.326963e-07
3.427574e+01 1.895435e+02 1.887232e+02 -3.892765e-09 -3.968795e-09 3.068189e-04 1.885602e+02 1.894145e+02 1.885602e+02 -4.501664e-06 9.953890e+01 9.955350e+01 -1.420565e-07
3.663868e+01 1.677349e+02 1.670247e+02 -3.014737e-09 -3.073624e-09 2.376231e-04 1.668672e+02 1.676232e+02 1.668672e+02 -3.983767e-06 8.808690e+01 8.810316e+01 -1.480428e-07
3.916452e+01 1.484161e+02 1.478035e+02 -2.334432e-09 -2.380035e-09 1.840158e-04 1.476508e+02 1.483197e+02 1.476508e+02 -3.524997e-06 7.794231e+01 7.796009e+01 -1.513246e-07
4.186449e+01 1.313051e+02 1.307793e+02 -1.807397e-09 -1.842708e-09 1.424751e-04 1.306306e+02 1.312224e+02 1.306306e+02 -3.118659e-06 6.895715e+01 6.897629e+01 -1.524524e-07
4.475059e+01 1.161518e+02 1.157029e+02 -1.399156e-09 -1.426495e-09 1.103116e-04 1.155576e+02 1.160812e+02 1.155576e+02 -2.758809e-06 6.099995e+01 6.102032e+01 -1.518782e-07
4.783565e+01 1.027339e+02 1.023532e+02 -1.082975e-09 -1.104139e-09 8.538731e-05 1.022109e+02 1.026740e+02 1.022109e+02 -2.440171e-06 5.395406e+01 5.397556e+01 -1.499728e-07
5.113340e+01 9.085423e+01 9.053419e+01 -8.381285e-10 -8.545104e-10 6.609011e-05 9.039436e+01 9.080389e+01 9.039436e+01 -2.158064e-06 4.771593e+01 4.773846e+01 -1.470395e-07
5.465849e+01 8.033780e+01 8.007154e+01 -6.485465e-10 -6.612252e-10 5.114783e-05 7.993378e+01 8.029591e+01 7.993378e+01 -1.908329e-06 4.219364e+01 4.221712e+01 -1.433258e-07
5.842660e+01 7.102934e+01 7.081084e+01 -5.017752e-10 -5.115869e-10 3.957723e-05 7.067478e+01 7.099496e+01 7.067478e+01 -1.687281e-06 3.730568e+01 3.733003e+01 -1.390330e-07
6.245448e+01 6.279107e+01 6.261498e+01 -3.881623e-10 -3.957543e-10 3.062253e-05 6.248030e+01 6.276337e+01 6.248030e+01 -1.491647e-06 3.297969e+01 3.300484e+01 -1.343246e-07
6.676003e+01 5.550084e+01 5.536243e+01 -3.002286e-10 -3.061024e-10 2.368913e-05 5.522886e+01 5.547906e+01 5.522886e+01 -1.318527e-06 2.915154e+01 2.917743e+01 -1.293324e-07
7.136241e+01 4.905030e+01 4.894537e+01 -2.321791e-10 -2.367230e-10 1.832344e-05 4.881265e+01 4.903379e+01 4.881265e+01 -1.165347e-06 2.576433e+01 2.579089e+01 -1.241627e-07
7.628207e+01 4.334338e+01 4.326821e+01 -1.795246e-10 -1.830393e-10 1.417117e-05 4.313613e+01 4.333156e+01 4.313613e+01 -1.029827e-06 2.276760e+01 2.279479e+01 -1.189002e-07
8.154089e+01 3.829494e+01 3.824622e+01 -1.387879e-10 -1.415063e-10 1.095875e-05 3.811460e+01 3.828728e+01 3.811460e+01 -9.099433e-07 2.011664e+01 2.014442e+01 -1.136121e-07
8.716224e+01 3.382948e+01 3.380429e+01 -1.072760e-10 -1.093782e-10 8.472678e-06 3.367297e+01 3.382552e+01 3.367297e+01 -8.039042e-07 1.777182e+01 1.780014e+01 -1.083515e-07
9.317113e+01 2.988012e+01 2.987586e+01 -8.290352e-11 -8.452899e-11 6.550390e-06 2.974469e+01 2.987945e+01 2.974469e+01 -7.101211e-07 1.569801e+01 1.572682e+01 -1.031594e-07
9.959426e+01 2.638756e+01 2.640195e+01 -6.405568e-11 -6.531242e-11 5.063202e-06 2.627080e+01 2.638982e+01 2.627080e+01 -6.271859e-07 1.386407e+01 1.389335e+01 -9.806739e-08
1.064602e+02 2.329930e+01 2.333029e+01 -4.948247e-11 -5.045399e-11 3.912827e-06 2.319907e+01 2.330418e+01 2.319907e+01 -5.538518e-07 1.224244e+01 1.227215e+01 -9.309911e-08
1.137995e+02 2.056882e+01 2.061459e+01 -3.821622e-11 -3.896716e-11 3.023827e-06 2.048322e+01 2.057602e+01 2.048322e+01 -4.890140e-07 1.080868e+01 1.083880e+01 -8.827185e-08
1.216447e+02 1.815493e+01 1.821386e+01 -2.950798e-11 -3.008834e-11 2.335920e-06 1.808228e+01 1.816420e+01 1.808228e+01 -4.316940e-07 9.541164e+00 9.571651e+00 -8.359775e-08
1.300308e+02 1.602112e+01 1.609179e+01 -2.277814e-11 -2.322663e-11 1.804352e-06 1.595993e+01 1.603224e+01 1.595993e+01 -3.810254e-07 8.420726e+00 8.451555e+00 -7.908479e-08
1.389950e+02 1.413510e+01 1.421623e+01 -1.757822e-11 -1.792475e-11 1.393669e-06 1.408405e+01 1.414786e+01 1.408405e+01 -3.362410e-07 7.430402e+00 7.461545e+00 -7.473761e-08
1.485772e+02 1.246827e+01 1.255871e+01 -1.356122e-11 -1.382893e-11 1.076086e-06 1.242620e+01 1.248249e+01 1.242620e+01 -2.966615e-07 6.555174e+00 6.586602e+00 -7.055824e-08
1.588200e+02 1.099530e+01 1.109404e+01 -1.045871e-11 -1.066550e-11 8.307311e-07 1.096117e+01 1.101083e+01 1.096117e+01 -2.616858e-07 5.781748e+00 5.813433e+00 -6.654661e-08
1.697689e+02 9.693803e+00 9.799919e+00 -8.063058e-12 -8.222766e-12 6.412353e-07 9.666700e+00 9.710495e+00 9.666700e+00 -2.307816e-07 5.098357e+00 5.130270e+00 -6.270109e-08
1.814726e+02 8.543941e+00 8.656612e+00 -6.213680e-12 -6.337008e-12 4.947424e-07 8.523051e+00 8.561665e+00 8.523051e+00 -2.034783e-07 4.494592e+00 4.526700e+00 -5.901885e-08
1.939831e+02 7.528174e+00 7.646658e+00 -4.786402e-12 -4.881622e-12 3.816626e-07 7.512775e+00 7.546812e+00 7.512775e+00 -1.793591e-07 3.961238e+00 3.993512e+00 -5.549620e-08
2.073562e+02 6.630985e+00 6.754608e+00 -3.685216e-12 -3.758722e-12 2.943882e-07 6.620438e+00 6.650431e+00 6.620438e+00 -1.580555e-07 3.490149e+00 3.522554e+00 -5.212886e-08
2.216511e+02 5.838648e+00 5.966800e+00 -2.835899e-12 -2.892634e-12 2.269188e-07 5.832383e+00 5.858807e+00 5.832383e+00 -1.392416e-07 3.074115e+00 3.106617e+00 -4.891224e-08
2.369315e+02 5.139027e+00 5.271151e+00 -2.181081e-12 -2.224863e-12 1.749115e-07 5.136539e+00 5.159810e+00 5.136539e+00 -1.226291e-07 2.706764e+00 2.739325e+00 -4.584158e-08
2.532654e+02 4.521390e+00 4.656976e+00 -1.676423e-12 -1.710204e-12 1.347766e-07 4.522230e+00 4.542718e+00 4.522230e+00 -1.079632e-07 2.382460e+00 2.415042e+00 -4.291219e-08
2.707253e+02 3.976250e+00 4.114834e+00 -1.287665e-12 -1.313725e-12 1.038034e-07 3.980019e+00 3.998050e+00 3.980019e+00 -9.501848e-08 2.096221e+00 2.128783e+00 -4.011958e-08
2.893888e+02 3.495224e+00 3.636380e+00 -9.883380e-13 -1.008438e-12 7.994026e-08 3.501565e+00 3.517429e+00 3.501565e+00 -8.359594e-08 1.843646e+00 1.876145e+00 -3.745959e-08
3.093391e+02 3.070903e+00 3.214243e+00 -7.579956e-13 -7.734969e-13 6.152043e-08 3.079499e+00 3.093451e+00 3.079499e+00 -7.351959e-08 1.620843e+00 1.653235e+00 -3.492855e-08
3.306646e+02 2.696740e+00 2.841915e+00 -5.808474e-13 -5.928004e-13 4.732884e-08 2.707311e+00 2.719577e+00 2.707311e+00 -6.463402e-08 1.424376e+00 1.456617e+00 -3.252333e-08
3.534603e+02 2.366952e+00 2.513652e+00 -4.447014e-13 -4.539173e-13 3.640358e-08 2.379250e+00 2.390029e+00 2.379250e+00 -5.680191e-08 1.251209e+00 1.283254e+00 -3.024144e-08
3.778275e+02 2.076431e+00 2.224389e+00 -3.401453e-13 -3.472505e-13 2.798840e-08 2.090235e+00 2.099705e+00 2.090235e+00 -4.990203e-08 1.098660e+00 1.130467e+00 -2.808106e-08
4.038747e+02 1.820662e+00 1.969661e+00 -2.599152e-13 -2.653932e-13 2.151589e-08 1.835783e+00 1.844100e+00 1.835783e+00 -4.382727e-08 9.643605e-01 9.958906e-01 -2.604107e-08
4.317174e+02 1.595658e+00 1.745534e+00 -1.984063e-13 -2.026303e-13 1.652861e-08 1.611931e+00 1.619234e+00 1.611931e+00 -3.848305e-08 8.462183e-01 8.774369e-01 -2.412098e-08
4.614796e+02 1.397892e+00 1.548545e+00 -1.512955e-13 -1.545534e-13 1.270211e-08 1.415178e+00 1.421590e+00 1.415178e+00 -3.378580e-08 7.423844e-01 7.732648e-01 -2.232086e-08
4.932936e+02 1.224243e+00 1.375647e+00 -1.152494e-13 -1.177631e-13 9.756763e-09 1.242430e+00 1.248059e+00 1.242430e+00 -2.966163e-08 6.512234e-01 6.817486e-01 -2.064106e-08
5.273008e+02 1.071947e+00 1.224155e+00 -8.769854e-14 -8.963938e-14 7.498000e-09 1.090948e+00 1.095890e+00 1.090948e+00 -2.604515e-08 5.712873e-01 6.014524e-01 -1.908204e-08
5.636525e+02 9.385513e-01 1.091705e+00 -6.666378e-14 -6.816368e-14 5.763092e-09 9.583012e-01 9.626428e-01 9.583012e-01 -2.287837e-08 5.012918e-01 5.311062e-01 -1.764388e-08
6.025102e+02 8.218717e-01 9.762030e-01 -5.062121e-14 -5.178182e-14 4.435465e-09 8.423324e-01 8.461485e-01 8.423324e-01 -2.010974e-08 4.400944e-01 4.695836e-01 -1.632590e-08
6.440467e+02 7.199608e-01 8.757915e-01 -3.839852e-14 -3.929810e-14 3.412640e-09 7.411159e-01 7.444735e-01 7.411159e-01 -1.769331e-08 3.866763e-01 4.158818e-01 -1.512606e-08
6.884467e+02 6.310751e-01 7.888063e-01 -2.909477e-14 -2.979350e-14 2.631514e-09 6.529287e-01 6.558868e-01 6.529287e-01 -1.558794e-08 3.401252e-01 3.691036e-01 -1.404051e-08
7.359076e+02 5.536497e-01 7.137447e-01 -2.201838e-14 -2.256253e-14 2.032111e-09 5.762226e-01 5.788332e-01 5.762226e-01 -1.375667e-08 2.996213e-01 3.284411e-01 -1.306311e-08
7.866404e+02 4.862771e-01 6.492369e-01 -1.663939e-14 -1.706446e-14 1.573177e-09 5.096025e-01 5.119113e-01 5.096025e-01 -1.216619e-08 2.644261e-01 2.931627e-01 -1.218537e-08
8.408707e+02 4.276923e-01 5.940293e-01 -1.255239e-14 -1.288562e-14 1.221575e-09 4.518107e-01 4.538576e-01 4.518107e-01 -1.078647e-08 2.338746e-01 2.626041e-01 -1.139669e-08
8.988395e+02 3.767630e-01 5.469817e-01 -9.447907e-15 -9.710180e-15 9.489901e-10 4.017189e-01 4.035389e-01 4.017189e-01 -9.590590e-09 2.073703e-01 2.361633e-01 -1.068526e-08
9.608047e+02 3.324857e-01 5.070843e-01 -7.090183e-15 -7.297497e-15 7.416346e-10 3.583273e-01 3.599506e-01 3.583273e-01 -8.554660e-09 1.843849e-01 2.133028e-01 -1.003948e-08
1.027042e+03 2.939851e-01 4.734947e-01 -5.299880e-15 -5.464520e-15 5.814872e-10 3.207693e-01 3.222226e-01 3.207693e-01 -7.658008e-09 1.644598e-01 1.935560e-01 -9.449900e-09
1.097845e+03 2.605145e-01 4.455872e-01 -3.940667e-15 -4.072086e-15 4.573066e-10 2.883208e-01 2.896270e-01 2.883208e-01 -6.883336e-09 1.472099e-01 1.765380e-01 -8.910937e-09
1.173530e+03 2.314523e-01 4.229975e-01 -2.908830e-15 -3.014341e-15 3.609249e-10 2.604033e-01 2.615830e-01 2.604033e-01 -6.216836e-09 1.323234e-01 1.619522e-01 -8.421694e-09
1.254432e+03 2.062907e-01 4.056309e-01 -2.125354e-15 -2.210645e-15 2.867387e-10 2.365758e-01 2.376476e-01 2.365758e-01 -5.647981e-09 1.195578e-01 1.495862e-01 -7.984821e-09
1.340911e+03 1.846118e-01 3.936058e-01 -1.529994e-15 -1.599499e-15 2.295101e-10 2.165064e-01 2.174873e-01 2.165064e-01 -5.168847e-09 1.087242e-01 1.392880e-01 -7.603017e-09
1.433352e+03 1.660568e-01 3.871285e-01 -1.076917e-15 -1.134093e-15 1.854515e-10 1.999264e-01 2.008321e-01 1.999264e-01 -4.773018e-09 9.966625e-02 1.309235e-01 -7.274064e-09
1.532166e+03 1.502981e-01 3.863618e-01 -7.314598e-16 -7.789799e-16 1.514767e-10 1.865864e-01 1.874317e-01 1.865864e-01 -4.454541e-09 9.223901e-02 1.243329e-01 -6.987078e-09
1.637792e+03 1.370350e-01 3.914278e-01 -4.675039e-16 -5.074155e-16 1.255854e-10 1.762533e-01 1.770518e-01 1.762533e-01 -4.207850e-09 8.630773e-02 1.193200e-01 -6.723518e-09
1.750700e+03 1.260262e-01 4.026858e-01 -2.651501e-16 -2.990213e-16 1.048674e-10 1.687810e-01 1.695457e-01 1.687810e-01 -4.029457e-09 8.177940e-02 1.157048e-01 -6.463871e-09
1.871392e+03 1.171450e-01 4.212463e-01 -1.087196e-16 -1.377751e-16 8.957155e-11 1.642371e-01 1.649811e-01 1.642371e-01 -3.920976e-09 7.865805e-02 1.134112e-01 -6.194528e-09
2.000404e+03 1.104051e-01 4.493273e-01 1.447846e-17 -1.074209e-17 7.741357e-11 1.629803e-01 1.637187e-01 1.629803e-01 -3.890972e-09 7.707690e-02 1.124830e-01 -5.903902e-09
2.138310e+03 1.059089e-01 4.899644e-01 1.143382e-16 9.218018e-17 6.899311e-11 1.655720e-01 1.663221e-01 1.655720e-01 -3.952845e-09 7.725741e-02 1.129193e-01 -5.563056e-09
2.285724e+03 1.037683e-01 5.463830e-01 1.978351e-16 1.781848e-16 6.294339e-11 1.726111e-01 1.733931e-01 1.726111e-01 -4.120896e-09 7.943751e-02 1.144230e-01 -5.105555e-09
2.443299e+03 1.041744e-01 6.226628e-01 2.700844e-16 2.525943e-16 5.891035e-11 1.848967e-01 1.857344e-01 1.848967e-01 -4.414202e-09 8.394396e-02 1.163704e-01 -4.426915e-09
2.611738e+03 1.076785e-01 7.266238e-01 3.364781e-16 3.209589e-16 5.698150e-11 2.041160e-01 2.050407e-01 2.041160e-01 -4.873040e-09 9.149075e-02 1.179844e-01 -3.383702e-09
2.791789e+03 1.153495e-01 8.718392e-01 4.028978e-16 3.893257e-16 5.695802e-11 2.332910e-01 2.343479e-01 2.332910e-01 -5.569560e-09 1.033720e-01 1.178987e-01 -1.735650e-09
2.984252e+03 1.285736e-01 1.075963e+00 4.732323e-16 4.618766e-16 5.903760e-11 2.763491e-01 2.776011e-01 2.763491e-01 -6.597524e-09 1.212854e-01 1.127151e-01 9.579413e-10
3.189984e+03 1.493739e-01 1.364198e+00 5.502376e-16 5.418070e-16 6.329400e-11 3.389343e-01 3.404698e-01 3.389343e-01 -8.091676e-09 1.477004e-01 9.561607e-02 5.446256e-09
3.409899e+03 1.817925e-01 1.784680e+00 6.398132e-16 6.356627e-16 7.073327e-11 4.319750e-01 4.339321e-01 4.319750e-01 -1.031292e-08 1.874273e-01 5.378771e-02 1.307293e-08
3.644974e+03 2.323737e-01 2.414504e+00 7.467534e-16 7.494235e-16 8.214171e-11 5.730341e-01 5.756302e-01 5.730341e-01 -1.368054e-08 2.482890e-01 -3.953731e-02 2.633997e-08
3.896255e+03 3.113790e-01 3.372766e+00 8.713488e-16 8.855026e-16 9.909482e-11 7.893693e-01 7.929455e-01 7.893693e-01 -1.884531e-08 3.426379e-01 -2.394773e-01 4.983573e-08
4.164860e+03 4.391282e-01 4.890324e+00 1.014822e-15 1.049145e-15 1.246162e-10 1.134178e+00 1.139316e+00 1.134178e+00 -2.707722e-08 4.948150e-01 -6.635543e-01 9.277393e-08
4.451981e+03 6.510470e-01 7.359900e+00 1.160836e-15 1.231757e-15 1.635115e-10 1.698676e+00 1.706372e+00 1.698676e+00 -4.055399e-08 7.474794e-01 -1.566677e+00 1.733879e-07
6.289314e+03 2.661370e-04 2.738468e-06 2.356480e-16 1.856866e-16 5.234198e-13 2.465246e-04 2.535677e-04 2.465246e-04 0.000000e+00 2.416034e-04 0.000000e+00 1.424242e-09
8.884912e+03 1.389736e-03 1.716820e-05 5.098776e-16 4.375358e-16 1.550108e-12 1.453149e-03 1.494665e-03 1.453149e-03 0.000000e+00 1.450357e-03 0.000000e+00 4.056193e-08
1.255171e+04 7.257034e-03 1.076321e-04 1.103235e-15 1.030972e-15 4.590648e-12 8.565644e-03 8.810362e-03 8.565644e-03 0.000000e+00 8.706563e-03 0.000000e+00 1.155190e-06
1.773180e+04 3.789537e-02 6.747746e-04 2.387098e-15 2.429293e-15 1.359521e-11 5.049052e-02 5.193302e-02 5.049052e-02 0.000000e+00 5.226593e-02 0.000000e+00 3.289942e-05
2.504972e+04 1.978851e-01 4.230344e-03 5.165024e-15 5.724177e-15 4.026222e-11 2.976184e-01 3.061213e-01 2.976184e-01 0.000000e+00 3.137549e-01 0.000000e+00 9.369643e-04
3.538773e+04 1.033332e+00 2.652117e-02 1.117569e-14 1.348796e-14 1.192366e-10 1.754323e+00 1.804444e+00 1.754323e+00 0.000000e+00 1.883486e+00 0.000000e+00 2.668443e-02
4.999224e+04 5.395939e+00 1.662684e-01 2.418113e-14 3.178186e-14 3.531194e-10 1.034093e+01 1.063637e+01 1.034093e+01 0.000000e+00 1.130666e+01 0.000000e+00 7.599634e-01
7.062402e+04 2.817695e+01 1.042381e+00 5.232133e-14 7.488805e-14 1.045763e-09 6.095501e+01 6.269648e+01 6.095501e+01 0.000000e+00 6.787444e+01 0.000000e+00 2.164350e+01
9.977054e+04 1.471367e+02 6.534971e+00 1.132090e-13 1.764598e-13 3.097029e-09 3.593017e+02 3.695668e+02 3.593017e+02 0.000000e+00 4.074536e+02 0.000000e+00 6.163995e+02
1.409458e+05 7.683303e+02 4.096950e+01 2.449532e-13 4.157946e-13 9.171856e-09 2.117918e+03 2.178426e+03 2.117918e+03 0.000000e+00 2.445964e+03 0.000000e+00 1.755485e+04
1.991141e+05 4.012129e+03 2.568489e+02 5.300113e-13 9.797425e-13 2.716246e-08 1.248415e+04 1.284082e+04 1.248415e+04 0.000000e+00 1.468324e+04 0.000000e+00 4.999562e+05
2.812885e+05 2.095086e+04 1.610255e+03 1.146799e-12 2.308581e-12 8.044166e-08 7.358832e+04 7.569072e+04 7.358832e+04 0.000000e+00 8.814422e+04 0.000000e+00 1.423858e+07
3.973762e+05 1.094029e+05 1.009512e+04 2.481358e-12 5.439741e-12 2.382281e-07 4.337693e+05 4.461619e+05 4.337693e+05 0.000000e+00 5.291341e+05 0.000000e+00 4.055100e+08
5.613733e+05 5.712889e+05 6.328906e+04 5.368977e-12 1.281774e-11 7.055126e-07 2.556870e+06 2.629919e+06 2.556870e+06 0.000000e+00 3.176418e+06 0.000000e+00 1.154879e+10
7.930519e+05 2.983203e+06 3.967762e+05 1.161699e-11 3.020262e-11 2.089376e-06 1.507157e+07 1.550216e+07 1.507157e+07 0.000000e+00 1.906819e+07 0.000000e+00 3.289055e+11
1.120344e+06 1.557793e+07 2.487497e+06 2.513598e-11 7.116684e-11 6.187691e-06 8.883997e+07 9.137811e+07 8.883997e+07 0.000000e+00 1.144673e+08 0.000000e+00 9.367118e+12
1.582710e+06 8.134610e+07 1.559479e+07 5.438736e-11 1.676914e-10 1.832485e-05 5.236707e+08 5.386319e+08 5.236707e+08 0.000000e+00 6.871528e+08 0.000000e+00 2.667724e+14
2.235894e+06 4.247796e+08 9.776798e+07 1.176793e-10 3.951336e-10 5.426907e-05 3.086798e+09 3.174987e+09 3.086798e+09 0.000000e+00 4.125012e+09 0.000000e+00 7.597586e+15
3.158648e+06 2.218149e+09 6.129339e+08 2.546257e-10 9.310589e-10 1.607179e-04 1.819525e+10 1.871508e+10 1.819525e+10 0.000000e+00 2.476265e+10 0.000000e+00 2.163767e+17
4.462221e+06 1.158291e+10 3.842648e+09 5.509401e-10 2.193867e-09 4.759663e-04 1.072526e+11 1.103168e+11 1.072526e+11 0.000000e+00 1.486514e+11 0.000000e+00 6.162334e+18
6.303778e+06 6.048457e+10 2.409060e+10 1.192083e-09 5.169439e-09 1.409575e-03 6.322048e+11 6.502667e+11 6.322048e+11 0.000000e+00 8.923616e+11 0.000000e+00 1.755012e+20
8.905346e+06 3.158432e+11 1.510305e+11 2.579340e-09 1.218082e-08 4.174457e-03 3.726556e+12 3.833023e+12 3.726556e+12 0.000000e+00 5.356890e+12 0.000000e+00 4.998214e+21
1.258058e+07 1.649296e+12 9.468509e+11 5.580984e-09 2.870184e-08 1.236266e-02 2.196633e+13 2.259391e+13 2.196633e+13 0.000000e+00 3.215768e+13 0.000000e+00 1.423475e+23
1.777258e+07 8.612426e+12 5.936064e+12 1.207572e-08 6.763055e-08 3.661202e-02 1.294814e+14 1.331807e+14 1.294814e+14 0.000000e+00 1.930441e+14 0.000000e+00 4.054007e+24
2.510733e+07 4.497306e+13 3.721479e+13 2.612853e-08 1.593588e-07 1.084265e-01 7.632333e+14 7.850387e+14 7.632333e+14 0.000000e+00 1.158853e+15 0.000000e+00 1.154567e+26
3.546911e+07 2.348440e+14 2.333096e+14 5.653497e-08 3.754994e-07 3.211053e-01 4.498909e+15 4.627441e+15 4.498909e+15 0.000000e+00 6.956653e+15 0.000000e+00 3.288169e+27
5.010721e+07 1.226327e+15 1.462681e+15 1.223262e-07 8.847944e-07 9.509538e-01 2.651900e+16 2.727664e+16 2.651900e+16 0.000000e+00 4.176113e+16 0.000000e+00 9.364594e+28
7.078645e+07 6.403736e+15 9.169942e+15 2.646802e-07 2.084853e-06 2.816251e+00 1.563173e+17 1.607832e+17 1.563173e+17 0.000000e+00 2.506941e+17 0.000000e+00 2.667005e+30
1.000000e+08 3.343955e+16 5.748884e+16 5.726952e-07 4.912569e-06 8.340329e+00 9.214183e+17 9.477430e+17 9.214183e+17 0.000000e+00 1.504929e+18 0.000000e+00 7.595539e+31
