# z=100.0
# H0:67.4 omega_m:0.314885968880016 omega_b:0.049309230511847414 omega_nu:0.0014201463404145906 w:-1.0 wa:0.0 sigma8(z=0):0.03365144806932789
# koh d_cdm d_b d_gamma d_neutrino d_nu d_tot d_nonu d_tot_de Weyl v_newt_cdm v_newt_b v_b_cdm
1.048503e-05 2.360226e+05 2.360226e+05 3.146956e+05 3.146954e+05 2.712337e+05 2.362421e+05 2.360226e+05 2.442566e+05 -6.045467e-01 2.349458e+05 2.349458e+05 3.802509e-01
1.157745e-05 2.360226e+05 2.360226e+05 3.146952e+05 3.146950e+05 2.712334e+05 2.362421e+05 2.360226e+05 2.442566e+05 -6.045466e-01 2.349458e+05 2.349458e+05 4.198686e-01
1.278368e-05 2.360226e+05 2.360226e+05 3.146949e+05 3.146947e+05 2.712332e+05 2.362421e+05 2.360226e+05 2.442566e+05 -6.045465e-01 2.349458e+05 2.349458e+05 4.636140e-01
1.411559e-05 2.360226e+05 2.360226e+05 3.146944e+05 3.146941e+05 2.712328e+05 2.362420e+05 2.360226e+05 2.442566e+05 -6.045464e-01 2.349458e+05 2.349457e+05 5.119171e-01
1.558627e-05 2.360226e+05 2.360225e+05 3.146938e+05 3.146935e+05 2.712324e+05 2.362420e+05 2.360226e+05 2.442565e+05 -6.045463e-01 2.349457e+05 2.349457e+05 5.652528e-01
1.721018e-05 2.360225e+05 2.360225e+05 3.146932e+05 3.146928e+05 2.712319e+05 2.362420e+05 2.360225e+05 2.442565e+05 -6.045462e-01 2.349457e+05 2.349457e+05 6.241454e-01
1.900328e-05 2.360225e+05 2.360225e+05 3.146924e+05 3.146918e+05 2.712312e+05 2.362419e+05 2.360225e+05 2.442564e+05 -6.045461e-01 2.349456e+05 2.349456e+05 6.891740e-01
2.098320e-05 2.360225e+05 2.360224e+05 3.146913e+05 3.146908e+05 2.712305e+05 2.362419e+05 2.360225e+05 2.442563e+05 -6.045459e-01 2.349456e+05 2.349456e+05 7.609777e-01
2.316941e-05 2.360224e+05 2.360224e+05 3.146902e+05 3.146894e+05 2.712296e+05 2.362418e+05 2.360224e+05 2.442562e+05 -6.045457e-01 2.349455e+05 2.349455e+05 8.402625e-01
2.558339e-05 2.360223e+05 2.360223e+05 3.146887e+05 3.146877e+05 2.712284e+05 2.362418e+05 2.360223e+05 2.442561e+05 -6.045453e-01 2.349455e+05 2.349455e+05 9.278076e-01
2.824888e-05 2.360223e+05 2.360222e+05 3.146868e+05 3.146857e+05 2.712271e+05 2.362417e+05 2.360223e+05 2.442560e+05 -6.045449e-01 2.349454e+05 2.349454e+05 1.024474e+00
3.119209e-05 2.360222e+05 2.360221e+05 3.146846e+05 3.146832e+05 2.712254e+05 2.362416e+05 2.360222e+05 2.442558e+05 -6.045445e-01 2.349453e+05 2.349453e+05 1.131212e+00
3.444194e-05 2.360220e+05 2.360220e+05 3.146819e+05 3.146802e+05 2.712233e+05 2.362414e+05 2.360220e+05 2.442556e+05 -6.045440e-01 2.349452e+05 2.349452e+05 1.249070e+00
3.803039e-05 2.360219e+05 2.360218e+05 3.146786e+05 3.146766e+05 2.712209e+05 2.362412e+05 2.360219e+05 2.442554e+05 -6.045434e-01 2.349450e+05 2.349450e+05 1.379207e+00
4.199271e-05 2.360217e+05 2.360216e+05 3.146746e+05 3.146721e+05 2.712178e+05 2.362411e+05 2.360217e+05 2.442551e+05 -6.045426e-01 2.349449e+05 2.349448e+05 1.522903e+00
4.636787e-05 2.360215e+05 2.360214e+05 3.146697e+05 3.146667e+05 2.712141e+05 2.362408e+05 2.360215e+05 2.442547e+05 -6.045416e-01 2.349447e+05 2.349446e+05 1.681570e+00
5.119886e-05 2.360212e+05 2.360211e+05 3.146638e+05 3.146600e+05 2.712096e+05 2.362405e+05 2.360212e+05 2.442542e+05 -6.045405e-01 2.349444e+05 2.349443e+05 1.856767e+00
5.653318e-05 2.360210e+05 2.360207e+05 3.146565e+05 3.146519e+05 2.712042e+05 2.362402e+05 2.360209e+05 2.442537e+05 -6.045390e-01 2.349441e+05 2.349440e+05 2.050216e+00
6.242328e-05 2.360206e+05 2.360203e+05 3.146476e+05 3.146421e+05 2.711974e+05 2.362398e+05 2.360205e+05 2.442530e+05 -6.045373e-01 2.349437e+05 2.349436e+05 2.263820e+00
6.892706e-05 2.360201e+05 2.360197e+05 3.146368e+05 3.146301e+05 2.711893e+05 2.362392e+05 2.360200e+05 2.442522e+05 -6.045352e-01 2.349432e+05 2.349431e+05 2.499677e+00
7.610846e-05 2.360195e+05 2.360191e+05 3.146236e+05 3.146154e+05 2.711793e+05 2.362386e+05 2.360195e+05 2.442512e+05 -6.045326e-01 2.349426e+05 2.349425e+05 2.760105e+00
8.403807e-05 2.360188e+05 2.360183e+05 3.146075e+05 3.145975e+05 2.711672e+05 2.362378e+05 2.360187e+05 2.442500e+05 -6.045295e-01 2.349419e+05 2.349418e+05 3.047663e+00
9.279386e-05 2.360180e+05 2.360173e+05 3.145879e+05 3.145757e+05 2.711523e+05 2.362368e+05 2.360179e+05 2.442486e+05 -6.045257e-01 2.349411e+05 2.349409e+05 3.365177e+00
1.024619e-04 2.360169e+05 2.360161e+05 3.145640e+05 3.145492e+05 2.711343e+05 2.362357e+05 2.360168e+05 2.442468e+05 -6.045210e-01 2.349400e+05 2.349398e+05 3.715767e+00
1.131372e-04 2.360157e+05 2.360147e+05 3.145349e+05 3.145168e+05 2.711123e+05 2.362342e+05 2.360155e+05 2.442446e+05 -6.045153e-01 2.349387e+05 2.349385e+05 4.102876e+00
1.249248e-04 2.360141e+05 2.360129e+05 3.144994e+05 3.144772e+05 2.710855e+05 2.362325e+05 2.360140e+05 2.442419e+05 -6.045084e-01 2.349372e+05 2.349369e+05 4.530307e+00
1.379405e-04 2.360123e+05 2.360108e+05 3.144561e+05 3.144291e+05 2.710528e+05 2.362304e+05 2.360120e+05 2.442387e+05 -6.044999e-01 2.349353e+05 2.349349e+05 5.002257e+00
1.523123e-04 2.360100e+05 2.360082e+05 3.144033e+05 3.143704e+05 2.710129e+05 2.362278e+05 2.360097e+05 2.442347e+05 -6.044896e-01 2.349330e+05 2.349325e+05 5.523360e+00
1.681815e-04 2.360072e+05 2.360050e+05 3.143390e+05 3.142989e+05 2.709643e+05 2.362247e+05 2.360068e+05 2.442299e+05 -6.044771e-01 2.349301e+05 2.349296e+05 6.098730e+00
1.857041e-04 2.360038e+05 2.360011e+05 3.142606e+05 3.142117e+05 2.709050e+05 2.362209e+05 2.360034e+05 2.442240e+05 -6.044618e-01 2.349267e+05 2.349260e+05 6.734012e+00
2.050523e-04 2.359996e+05 2.359964e+05 3.141650e+05 3.141054e+05 2.708328e+05 2.362162e+05 2.359991e+05 2.442168e+05 -6.044431e-01 2.349225e+05 2.349217e+05 7.435436e+00
2.264163e-04 2.359946e+05 2.359907e+05 3.140484e+05 3.139758e+05 2.707448e+05 2.362105e+05 2.359939e+05 2.442080e+05 -6.044204e-01 2.349174e+05 2.349164e+05 8.209879e+00
2.500063e-04 2.359884e+05 2.359836e+05 3.139064e+05 3.138179e+05 2.706374e+05 2.362036e+05 2.359876e+05 2.441973e+05 -6.043926e-01 2.349111e+05 2.349099e+05 9.064924e+00
2.760540e-04 2.359809e+05 2.359751e+05 3.137333e+05 3.136255e+05 2.705067e+05 2.361951e+05 2.359800e+05 2.441843e+05 -6.043589e-01 2.349035e+05 2.349021e+05 1.000894e+01
3.048156e-04 2.359717e+05 2.359646e+05 3.135224e+05 3.133911e+05 2.703473e+05 2.361848e+05 2.359706e+05 2.441685e+05 -6.043177e-01 2.348942e+05 2.348925e+05 1.105116e+01
3.365739e-04 2.359605e+05 2.359519e+05 3.132654e+05 3.131055e+05 2.701531e+05 2.361723e+05 2.359592e+05 2.441491e+05 -6.042674e-01 2.348829e+05 2.348808e+05 1.220177e+01
3.716409e-04 2.359469e+05 2.359364e+05 3.129523e+05 3.127575e+05 2.699166e+05 2.361570e+05 2.359452e+05 2.441256e+05 -6.042063e-01 2.348692e+05 2.348665e+05 1.347197e+01
4.103616e-04 2.359303e+05 2.359175e+05 3.125710e+05 3.123338e+05 2.696284e+05 2.361383e+05 2.359283e+05 2.440969e+05 -6.041317e-01 2.348523e+05 2.348491e+05 1.487414e+01
4.531165e-04 2.359101e+05 2.358944e+05 3.121066e+05 3.118178e+05 2.692776e+05 2.361156e+05 2.359076e+05 2.440619e+05 -6.040409e-01 2.348319e+05 2.348280e+05 1.642191e+01
5.003259e-04 2.358854e+05 2.358663e+05 3.115412e+05 3.111899e+05 2.688503e+05 2.360879e+05 2.358824e+05 2.440193e+05 -6.039302e-01 2.348069e+05 2.348021e+05 1.813025e+01
5.524541e-04 2.358554e+05 2.358321e+05 3.108531e+05 3.104257e+05 2.683303e+05 2.360541e+05 2.358517e+05 2.439674e+05 -6.037953e-01 2.347765e+05 2.347707e+05 2.001568e+01
6.100134e-04 2.358188e+05 2.357903e+05 3.100158e+05 3.094964e+05 2.676977e+05 2.360130e+05 2.358143e+05 2.439042e+05 -6.036311e-01 2.347394e+05 2.347323e+05 2.209633e+01
6.735697e-04 2.357741e+05 2.357395e+05 3.089977e+05 3.083667e+05 2.669283e+05 2.359629e+05 2.357687e+05 2.438273e+05 -6.034312e-01 2.346942e+05 2.346856e+05 2.439212e+01
7.437478e-04 2.357198e+05 2.356776e+05 3.077602e+05 3.069943e+05 2.659932e+05 2.359019e+05 2.357131e+05 2.437336e+05 -6.031877e-01 2.346392e+05 2.346287e+05 2.692491e+01
8.212376e-04 2.356536e+05 2.356022e+05 3.062573e+05 3.053286e+05 2.648573e+05 2.358276e+05 2.356455e+05 2.436198e+05 -6.028916e-01 2.345721e+05 2.345593e+05 2.971861e+01
9.068010e-04 2.355730e+05 2.355103e+05 3.044335e+05 3.033088e+05 2.634789e+05 2.357371e+05 2.355632e+05 2.434813e+05 -6.025315e-01 2.344905e+05 2.344749e+05 3.279942e+01
1.001279e-03 2.354749e+05 2.353985e+05 3.022226e+05 3.008625e+05 2.618078e+05 2.356271e+05 2.354629e+05 2.433130e+05 -6.020936e-01 2.343910e+05 2.343720e+05 3.619587e+01
1.105601e-03 2.353556e+05 2.352624e+05 2.995458e+05 2.979040e+05 2.597844e+05 2.354932e+05 2.353409e+05 2.431088e+05 -6.015618e-01 2.342700e+05 2.342468e+05 3.993904e+01
1.220791e-03 2.352104e+05 2.350968e+05 2.963100e+05 2.943325e+05 2.573380e+05 2.353305e+05 2.351925e+05 2.428610e+05 -6.009163e-01 2.341227e+05 2.340945e+05 4.406260e+01
1.347984e-03 2.350339e+05 2.348954e+05 2.924059e+05 2.900305e+05 2.543862e+05 2.351328e+05 2.350121e+05 2.425606e+05 -6.001334e-01 2.339436e+05 2.339092e+05 4.860295e+01
1.488428e-03 2.348195e+05 2.346507e+05 2.877062e+05 2.848624e+05 2.508319e+05 2.348929e+05 2.347929e+05 2.421972e+05 -5.991852e-01 2.337258e+05 2.336839e+05 5.359917e+01
1.643505e-03 2.345592e+05 2.343536e+05 2.820648e+05 2.786742e+05 2.465645e+05 2.346018e+05 2.345268e+05 2.417581e+05 -5.980384e-01 2.334612e+05 2.334102e+05 5.909299e+01
1.814739e-03 2.342435e+05 2.339930e+05 2.753167e+05 2.712943e+05 2.414582e+05 2.342493e+05 2.342041e+05 2.412286e+05 -5.966538e-01 2.331399e+05 2.330779e+05 6.512861e+01
2.003814e-03 2.338610e+05 2.335559e+05 2.672788e+05 2.625366e+05 2.353736e+05 2.338228e+05 2.338130e+05 2.405916e+05 -5.949855e-01 2.327503e+05 2.326749e+05 7.175237e+01
2.212588e-03 2.333984e+05 2.330267e+05 2.577547e+05 2.522068e+05 2.281600e+05 2.333076e+05 2.333399e+05 2.398275e+05 -5.929806e-01 2.322783e+05 2.321866e+05 7.901226e+01
2.443114e-03 2.328396e+05 2.323870e+05 2.465420e+05 2.401133e+05 2.196615e+05 2.326867e+05 2.327684e+05 2.389139e+05 -5.905786e-01 2.317073e+05 2.315959e+05 8.695710e+01
2.697658e-03 2.321662e+05 2.316151e+05 2.334457e+05 2.260849e+05 2.097261e+05 2.319402e+05 2.320795e+05 2.378263e+05 -5.877116e-01 2.310177e+05 2.308824e+05 9.563557e+01
2.978722e-03 2.313564e+05 2.306857e+05 2.182990e+05 2.099963e+05 1.982202e+05 2.310450e+05 2.312509e+05 2.365378e+05 -5.843049e-01 2.301865e+05 2.300223e+05 1.050947e+02
3.289070e-03 2.303855e+05 2.295696e+05 2.009930e+05 1.918045e+05 1.850509e+05 2.299754e+05 2.302572e+05 2.350204e+05 -5.802786e-01 2.291872e+05 2.289881e+05 1.153783e+02
3.631753e-03 2.292256e+05 2.282334e+05 1.815183e+05 1.715942e+05 1.701942e+05 2.287026e+05 2.290696e+05 2.332457e+05 -5.755506e-01 2.279894e+05 2.277484e+05 1.265246e+02
4.010139e-03 2.278456e+05 2.266397e+05 1.600170e+05 1.496333e+05 1.537325e+05 2.271952e+05 2.276559e+05 2.311870e+05 -5.700406e-01 2.265589e+05 2.262675e+05 1.385638e+02
4.427949e-03 2.262117e+05 2.247471e+05 1.368433e+05 1.264285e+05 1.358967e+05 2.254199e+05 2.259813e+05 2.288212e+05 -5.636768e-01 2.248581e+05 2.245062e+05 1.515156e+02
4.889290e-03 2.242884e+05 2.225110e+05 1.126241e+05 1.027700e+05 1.171074e+05 2.233425e+05 2.240088e+05 2.261316e+05 -5.564032e-01 2.228465e+05 2.224224e+05 1.653866e+02
5.398697e-03 2.220393e+05 2.198844e+05 8.830143e+04 7.973866e+04 9.800255e+04 2.209294e+05 2.217004e+05 2.231094e+05 -5.481881e-01 2.204823e+05 2.199721e+05 1.801679e+02
5.961178e-03 2.194296e+05 2.168200e+05 6.512852e+04 5.864379e+04 7.943201e+04 2.181492e+05 2.190191e+05 2.197557e+05 -5.390321e-01 2.177245e+05 2.171122e+05 1.958348e+02
6.582264e-03 2.164289e+05 2.132729e+05 4.458021e+04 4.085329e+04 6.319060e+04 2.149805e+05 2.159325e+05 2.160859e+05 -5.289902e-01 2.145450e+05 2.138118e+05 2.123461e+02
7.268059e-03 2.130090e+05 2.091984e+05 2.813396e+04 2.749435e+04 4.897730e+04 2.113910e+05 2.124096e+05 2.121023e+05 -5.181014e-01 2.108970e+05 2.100215e+05 2.296459e+02
8.025306e-03 2.091519e+05 2.045598e+05 1.690576e+04 1.905826e+04 3.786295e+04 2.073665e+05 2.084295e+05 2.078144e+05 -5.064592e-01 2.067662e+05 2.057237e+05 2.476651e+02
8.861450e-03 2.048479e+05 1.993265e+05 1.118373e+04 1.503369e+04 3.042596e+04 2.028977e+05 2.039793e+05 2.032135e+05 -4.941457e-01 2.021510e+05 2.009131e+05 2.663207e+02
9.784710e-03 2.000943e+05 1.934733e+05 1.002786e+04 1.381558e+04 2.605194e+04 1.979746e+05 1.990528e+05 1.982604e+05 -4.811806e-01 1.970585e+05 1.955932e+05 2.855074e+02
1.080416e-02 1.948932e+05 1.869786e+05 1.123991e+04 1.317016e+04 2.332257e+04 1.925867e+05 1.936482e+05 1.928885e+05 -4.674970e-01 1.915066e+05 1.897778e+05 3.050777e+02
1.192983e-02 1.892474e+05 1.798217e+05 1.203450e+04 1.131518e+04 2.070945e+04 1.867236e+05 1.877647e+05 1.870243e+05 -4.529449e-01 1.855166e+05 1.834842e+05 3.248060e+02
1.317278e-02 1.831564e+05 1.719808e+05 1.044053e+04 8.086942e+03 1.736022e+04 1.803761e+05 1.813985e+05 1.806231e+05 -4.373374e-01 1.791020e+05 1.767230e+05 3.443403e+02
1.454523e-02 1.766158e+05 1.634352e+05 6.711846e+03 5.050023e+03 1.351063e+04 1.735388e+05 1.745424e+05 1.736964e+05 -4.205354e-01 1.722595e+05 1.694890e+05 3.631575e+02
1.606067e-02 1.696207e+05 1.541740e+05 3.278315e+03 3.792280e+03 1.037332e+04 1.662135e+05 1.671909e+05 1.663011e+05 -4.025259e-01 1.649728e+05 1.617671e+05 3.805417e+02
1.773401e-02 1.621725e+05 1.442082e+05 2.347281e+03 3.423038e+03 8.639950e+03 1.584074e+05 1.593466e+05 1.584758e+05 -3.834026e-01 1.572237e+05 1.535441e+05 3.955925e+02
1.958169e-02 1.542841e+05 1.335844e+05 3.111926e+03 2.661611e+03 7.496658e+03 1.501335e+05 1.510280e+05 1.502091e+05 -3.632417e-01 1.490330e+05 1.448504e+05 4.072407e+02
2.162187e-02 1.459825e+05 1.223976e+05 2.807770e+03 2.056248e+03 5.906163e+03 1.414226e+05 1.422725e+05 1.414880e+05 -3.420953e-01 1.404317e+05 1.357340e+05 4.142372e+02
2.387462e-02 1.373110e+05 1.108046e+05 1.321094e+03 1.578250e+03 4.367618e+03 1.323389e+05 1.331415e+05 1.323746e+05 -3.200488e-01 1.314798e+05 1.262813e+05 4.151439e+02
2.636207e-02 1.283380e+05 9.904289e+04 1.028672e+03 1.202124e+03 3.604761e+03 1.229811e+05 1.237298e+05 1.230087e+05 -2.973439e-01 1.222598e+05 1.166125e+05 4.084241e+02
2.910870e-02 1.191650e+05 8.744580e+04 1.195754e+03 9.086926e+02 2.854672e+03 1.134817e+05 1.141755e+05 1.135098e+05 -2.743370e-01 1.128950e+05 1.069003e+05 3.926469e+02
3.214148e-02 1.099316e+05 7.644334e+04 5.291046e+02 6.825967e+02 2.076911e+03 1.040244e+05 1.046638e+05 1.040391e+05 -2.514408e-01 1.035603e+05 9.737797e+04 3.667232e+02
3.549025e-02 1.008141e+05 6.653941e+04 6.048478e+02 5.099398e+02 1.673916e+03 9.483827e+04 9.542254e+04 9.485291e+04 -2.292066e-01 9.446773e+04 8.832045e+04 3.302389e+02
3.918792e-02 9.201785e+04 5.825444e+04 3.336541e+02 3.799867e+02 1.212419e+03 8.617392e+04 8.670676e+04 8.618280e+04 -2.082483e-01 8.585770e+04 8.002194e+04 2.839222e+02
4.327085e-02 8.375380e+04 5.201673e+04 3.357060e+02 2.833412e+02 9.529194e+02 7.827652e+04 7.876145e+04 7.828465e+04 -1.891452e-01 7.796615e+04 7.274484e+04 2.300587e+02
4.759793e-02 7.645527e+04 4.810052e+04 2.149051e+02 2.145436e+02 7.005275e+02 7.155063e+04 7.199497e+04 7.155610e+04 -1.728811e-01 7.119788e+04 6.682930e+04 1.749871e+02
5.192502e-02 7.048311e+04 4.620377e+04 1.677220e+02 1.674384e+02 5.714039e+02 6.625198e+04 6.666389e+04 6.625625e+04 -1.600694e-01 6.583580e+04 6.239668e+04 1.262773e+02
5.625210e-02 6.549535e+04 4.538068e+04 1.340896e+02 1.338615e+02 4.424442e+02 6.194553e+04 6.233124e+04 6.194895e+04 -1.496582e-01 6.145909e+04 5.889652e+04 8.685400e+01
6.057919e-02 6.123612e+04 4.485400e+04 1.091637e+02 1.089770e+02 3.766309e+02 5.829592e+04 5.865916e+04 5.829870e+04 -1.408359e-01 5.775126e+04 5.590922e+04 5.797344e+01
6.490627e-02 5.750921e+04 4.405713e+04 9.001640e+01 8.986187e+01 3.018652e+02 5.504980e+04 5.539315e+04 5.505209e+04 -1.329903e-01 5.447478e+04 5.313303e+04 3.941290e+01
6.923336e-02 5.413379e+04 4.262311e+04 7.482233e+01 7.469365e+01 2.571109e+02 5.199863e+04 5.232312e+04 5.200054e+04 -1.256166e-01 5.142701e+04 5.034430e+04 2.981586e+01
7.356045e-02 5.095578e+04 4.039693e+04 6.244106e+01 6.233373e+01 2.049884e+02 4.898889e+04 4.929483e+04 4.899048e+04 -1.183439e-01 4.845191e+04 4.740662e+04 2.709228e+01
7.788753e-02 4.790342e+04 3.746261e+04 5.220913e+01 5.211964e+01 1.597966e+02 4.597372e+04 4.626104e+04 4.597505e+04 -1.110588e-01 4.549497e+04 4.431705e+04 2.883374e+01
8.221462e-02 4.497464e+04 3.408054e+04 4.373185e+01 4.365722e+01 1.384609e+02 4.299221e+04 4.326096e+04 4.299332e+04 -1.038553e-01 4.258547e+04 4.117558e+04 3.269572e+01
8.654170e-02 4.220346e+04 3.059333e+04 3.674375e+01 3.668138e+01 1.181051e+02 4.012624e+04 4.037715e+04 4.012718e+04 -9.693140e-02 3.979483e+04 3.812888e+04 3.670211e+01
9.086879e-02 3.962439e+04 2.733088e+04 3.103010e+01 3.097771e+01 1.183489e+02 3.745641e+04 3.769058e+04 3.745721e+04 -9.048136e-02 3.719267e+04 3.531299e+04 3.943880e+01
9.625112e-02 3.672487e+04 2.397232e+04 2.541320e+01 2.537051e+01 9.386695e+01 3.450305e+04 3.471885e+04 3.450370e+04 -8.334651e-02 3.430035e+04 3.228380e+04 3.994448e+01
1.016334e-01 3.420759e+04 2.165326e+04 2.114069e+01 2.110525e+01 6.934444e+01 3.203230e+04 3.223275e+04 3.203284e+04 -7.737754e-02 3.185853e+04 2.988305e+04 3.705872e+01
1.070158e-01 3.208986e+04 2.040351e+04 1.790996e+01 1.787989e+01 6.636835e+01 3.006344e+04 3.025156e+04 3.006389e+04 -7.262096e-02 2.988945e+04 2.811697e+04 3.157817e+01
1.123981e-01 3.033187e+04 1.999839e+04 1.544034e+01 1.541428e+01 5.539640e+01 2.852782e+04 2.870638e+04 2.852821e+04 -6.891107e-02 2.833371e+04 2.686784e+04 2.486526e+01
1.177804e-01 2.884213e+04 2.004939e+04 1.348957e+01 1.346667e+01 4.738377e+01 2.728816e+04 2.745900e+04 2.728851e+04 -6.591621e-02 2.706554e+04 2.593186e+04 1.835152e+01
1.231628e-01 2.751593e+04 2.014226e+04 1.187380e+01 1.185354e+01 4.105939e+01 2.619202e+04 2.635602e+04 2.619232e+04 -6.326807e-02 2.594426e+04 2.509483e+04 1.314924e+01
1.285451e-01 2.626776e+04 1.995457e+04 1.047326e+01 1.045532e+01 3.859252e+01 2.511739e+04 2.527468e+04 2.511766e+04 -6.067199e-02 2.485711e+04 2.419358e+04 9.841365e+00
1.339274e-01 2.504497e+04 1.932030e+04 9.222827e+00 9.207021e+00 3.274064e+01 2.399419e+04 2.414446e+04 2.399442e+04 -5.795865e-02 2.373838e+04 2.314449e+04 8.454511e+00
1.393097e-01 2.382862e+04 1.824075e+04 8.096316e+00 8.082465e+00 2.834765e+01 2.280678e+04 2.294963e+04 2.280699e+04 -5.509031e-02 2.257140e+04 2.194486e+04 8.574702e+00
1.446921e-01 2.262479e+04 1.684910e+04 7.089116e+00 7.077032e+00 2.581718e+01 2.158107e+04 2.171626e+04 2.158125e+04 -5.212948e-02 2.137661e+04 2.065223e+04 9.545044e+00
1.500744e-01 2.145426e+04 1.535010e+04 6.204576e+00 6.194048e+00 2.270841e+01 2.036647e+04 2.049405e+04 2.036662e+04 -4.919549e-02 2.019558e+04 1.935504e+04 1.067831e+01
1.554567e-01 2.034869e+04 1.395988e+04 5.446189e+00 5.436990e+00 2.055374e+01 1.922328e+04 1.934371e+04 1.922342e+04 -4.643403e-02 1.908123e+04 1.814941e+04 1.142817e+01
1.608391e-01 1.934426e+04 1.285255e+04 4.812565e+00 4.804460e+00 1.922302e+01 1.820901e+04 1.832309e+04 1.820914e+04 -4.398400e-02 1.808650e+04 1.711737e+04 1.148793e+01
1.662214e-01 1.846426e+04 1.211530e+04 4.293463e+00 4.286236e+00 1.633877e+01 1.735679e+04 1.746554e+04 1.735690e+04 -4.192538e-02 1.724307e+04 1.630055e+04 1.081084e+01
1.716037e-01 1.770558e+04 1.173084e+04 3.869721e+00 3.863196e+00 1.325240e+01 1.666132e+04 1.676573e+04 1.666142e+04 -4.024540e-02 1.654661e+04 1.568587e+04 9.563129e+00
1.769861e-01 1.704468e+04 1.160022e+04 3.518140e+00 3.512189e+00 1.260183e+01 1.608743e+04 1.618825e+04 1.608752e+04 -3.885910e-02 1.596490e+04 1.521913e+04 8.033789e+00
1.823684e-01 1.645358e+04 1.158866e+04 3.217340e+00 3.211877e+00 1.163736e+01 1.559061e+04 1.568831e+04 1.559069e+04 -3.765896e-02 1.545794e+04 1.483299e+04 6.533646e+00
1.877507e-01 1.590560e+04 1.156393e+04 2.950347e+00 2.945321e+00 9.939147e+00 1.512783e+04 1.522264e+04 1.512791e+04 -3.654107e-02 1.498724e+04 1.446408e+04 5.312593e+00
1.931330e-01 1.537510e+04 1.142288e+04 2.705070e+00 2.700453e+00 9.349957e+00 1.466151e+04 1.475340e+04 1.466158e+04 -3.541465e-02 1.451808e+04 1.406119e+04 4.510316e+00
1.985154e-01 1.484278e+04 1.111215e+04 2.474687e+00 2.470461e+00 9.092761e+00 1.416715e+04 1.425594e+04 1.416721e+04 -3.422049e-02 1.402683e+04 1.359538e+04 4.143682e+00
2.038977e-01 1.430326e+04 1.063767e+04 2.257536e+00 2.253686e+00 7.928300e+00 1.364115e+04 1.372665e+04 1.364121e+04 -3.294991e-02 1.350927e+04 1.306796e+04 4.126512e+00
2.092800e-01 1.376411e+04 1.005371e+04 2.055393e+00 2.051896e+00 6.875095e+00 1.309835e+04 1.318045e+04 1.309840e+04 -3.163878e-02 1.297847e+04 1.250522e+04 4.311385e+00
2.146624e-01 1.323828e+04 9.437771e+03 1.871022e+00 1.867847e+00 6.793226e+00 1.256171e+04 1.264045e+04 1.256176e+04 -3.034252e-02 1.245480e+04 1.194383e+04 4.538238e+00
2.200447e-01 1.273864e+04 8.866286e+03 1.706517e+00 1.703628e+00 6.275277e+00 1.205395e+04 1.212950e+04 1.205399e+04 -2.911601e-02 1.195838e+04 1.141877e+04 4.675507e+00
2.254270e-01 1.227600e+04 8.397033e+03 1.562602e+00 1.559961e+00 5.372979e+00 1.159315e+04 1.166583e+04 1.159319e+04 -2.800296e-02 1.150557e+04 1.095629e+04 4.645528e+00
2.308094e-01 1.185677e+04 8.057862e+03 1.438355e+00 1.435925e+00 5.057226e+00 1.118905e+04 1.125919e+04 1.118909e+04 -2.702684e-02 1.110548e+04 1.056894e+04 4.432008e+00
2.361917e-01 1.148085e+04 7.843471e+03 1.331343e+00 1.329091e+00 4.910114e+00 1.084072e+04 1.090867e+04 1.084075e+04 -2.618544e-02 1.075764e+04 1.025327e+04 4.071314e+00
2.415740e-01 1.114238e+04 7.721909e+03 1.238222e+00 1.236124e+00 4.411352e+00 1.053827e+04 1.060433e+04 1.053830e+04 -2.545486e-02 1.045332e+04 9.993052e+03 3.632555e+00
2.469563e-01 1.083209e+04 7.646877e+03 1.155468e+00 1.153507e+00 4.038441e+00 1.026668e+04 1.033104e+04 1.026671e+04 -2.479884e-02 1.017906e+04 9.765396e+03 3.193642e+00
2.523387e-01 1.053900e+04 7.570562e+03 1.079923e+00 1.078086e+00 3.919609e+00 1.000930e+04 1.007205e+04 1.000933e+04 -2.417714e-02 9.919689e+03 9.546423e+03 2.820261e+00
2.577210e-01 1.025279e+04 7.455114e+03 1.009216e+00 1.007498e+00 3.585303e+00 9.751569e+03 9.812704e+03 9.751595e+03 -2.355458e-02 9.661601e+03 9.316618e+03 2.552124e+00
2.631033e-01 9.967081e+03 7.281351e+03 9.420577e-01 9.404535e-01 3.314722e+00 9.485142e+03 9.544606e+03 9.485166e+03 -2.291102e-02 9.396843e+03 9.065903e+03 2.398145e+00
2.684857e-01 9.680994e+03 7.051155e+03 8.781814e-01 8.766869e-01 3.220230e+00 9.209575e+03 9.267312e+03 9.209598e+03 -2.224539e-02 9.124838e+03 8.795311e+03 2.340047e+00
2.738680e-01 9.397309e+03 6.782490e+03 8.179326e-01 8.165421e-01 2.917683e+00 8.930004e+03 8.985989e+03 8.930024e+03 -2.157009e-02 8.850147e+03 8.513729e+03 2.342023e+00
2.792503e-01 9.119846e+03 6.501038e+03 7.618301e-01 7.605369e-01 2.646334e+00 8.653645e+03 8.707898e+03 8.653663e+03 -2.090255e-02 8.579090e+03 8.233021e+03 2.362785e+00
2.846327e-01 8.852643e+03 6.232975e+03 7.103252e-01 7.091209e-01 2.599710e+00 8.387972e+03 8.440561e+03 8.387989e+03 -2.026082e-02 8.318221e+03 7.964932e+03 2.366453e+00
2.900150e-01 8.599926e+03 5.999534e+03 6.636847e-01 6.625605e-01 2.496715e+00 8.139842e+03 8.190875e+03 8.139859e+03 -1.966147e-02 8.073767e+03 7.719354e+03 2.329934e+00
2.953973e-01 8.364888e+03 5.812500e+03 6.218708e-01 6.208177e-01 2.120350e+00 7.913771e+03 7.963388e+03 7.913787e+03 -1.911540e-02 7.850022e+03 7.502056e+03 2.245863e+00
3.007796e-01 8.147998e+03 5.671822e+03 5.844718e-01 5.834817e-01 2.090362e+00 7.710146e+03 7.758487e+03 7.710161e+03 -1.862354e-02 7.647472e+03 7.312825e+03 2.121258e+00
3.061620e-01 7.946859e+03 5.567118e+03 5.507897e-01 5.498559e-01 2.083028e+00 7.525336e+03 7.572518e+03 7.525350e+03 -1.817713e-02 7.462830e+03 7.146011e+03 1.972939e+00
3.115443e-01 7.757738e+03 5.482428e+03 5.200447e-01 5.191622e-01 1.892868e+00 7.353718e+03 7.399824e+03 7.353731e+03 -1.776259e-02 7.290963e+03 6.993332e+03 1.821432e+00
3.169266e-01 7.577029e+03 5.401383e+03 4.915482e-01 4.907133e-01 1.658002e+00 7.189713e+03 7.234793e+03 7.189726e+03 -1.736644e-02 7.126816e+03 6.846687e+03 1.685209e+00
3.223090e-01 7.401693e+03 5.310871e+03 4.647744e-01 4.639844e-01 1.736825e+00 7.028730e+03 7.072799e+03 7.028742e+03 -1.697759e-02 6.966194e+03 6.699672e+03 1.576578e+00
3.276913e-01 7.229351e+03 5.203158e+03 4.393751e-01 4.386281e-01 1.636442e+00 6.867564e+03 6.910624e+03 6.867576e+03 -1.658830e-02 6.806075e+03 6.548287e+03 1.499861e+00
3.330736e-01 7.058697e+03 5.076863e+03 4.151857e-01 4.144801e-01 1.456728e+00 6.704908e+03 6.746948e+03 6.704918e+03 -1.619541e-02 6.645111e+03 6.391484e+03 1.451806e+00
3.384559e-01 6.889966e+03 4.936602e+03 3.922086e-01 3.915423e-01 1.395051e+00 6.541678e+03 6.582695e+03 6.541688e+03 -1.580113e-02 6.484032e+03 6.231288e+03 1.423747e+00
3.438383e-01 6.724698e+03 4.790981e+03 3.705491e-01 3.699200e-01 1.390073e+00 6.380511e+03 6.420518e+03 6.380521e+03 -1.541183e-02 6.325208e+03 6.071887e+03 1.404658e+00
3.492206e-01 6.564814e+03 4.649548e+03 3.503244e-01 3.497300e-01 1.261035e+00 6.224507e+03 6.263537e+03 6.224516e+03 -1.503501e-02 6.171457e+03 5.917917e+03 1.384206e+00
3.546029e-01 6.411730e+03 4.519982e+03 3.315907e-01 3.310284e-01 1.186270e+00 6.076054e+03 6.114152e+03 6.076062e+03 -1.467643e-02 6.024925e+03 5.772901e+03 1.355045e+00
3.599853e-01 6.266097e+03 4.406580e+03 3.143212e-01 3.137883e-01 1.171721e+00 5.936367e+03 5.973589e+03 5.936375e+03 -1.433902e-02 5.886690e+03 5.638601e+03 1.313946e+00
3.653676e-01 6.128010e+03 4.310032e+03 2.984216e-01 2.979155e-01 1.066059e+00 5.805633e+03 5.842036e+03 5.805641e+03 -1.402323e-02 5.756938e+03 5.515146e+03 1.261726e+00
3.707499e-01 5.997126e+03 4.227925e+03 2.837510e-01 2.832696e-01 1.025824e+00 5.683190e+03 5.718825e+03 5.683197e+03 -1.372747e-02 5.635113e+03 5.401325e+03 1.202254e+00
3.761322e-01 5.872572e+03 4.155592e+03 2.701371e-01 2.696786e-01 1.012478e+00 5.567575e+03 5.602485e+03 5.567582e+03 -1.344821e-02 5.519924e+03 5.294843e+03 1.140916e+00
3.815146e-01 5.752990e+03 4.087377e+03 2.573977e-01 2.569607e-01 9.414005e-01 5.456768e+03 5.490983e+03 5.456774e+03 -1.318056e-02 5.409522e+03 5.192805e+03 1.083019e+00
3.868969e-01 5.636951e+03 4.018169e+03 2.453728e-01 2.449561e-01 8.458269e-01 5.348772e+03 5.382311e+03 5.348778e+03 -1.291970e-02 5.302050e+03 5.092525e+03 1.032511e+00
3.922792e-01 5.523426e+03 3.944673e+03 2.339505e-01 2.335531e-01 8.852942e-01 5.242212e+03 5.275083e+03 5.242218e+03 -1.266231e-02 5.196211e+03 4.992256e+03 9.912725e-01
3.976616e-01 5.411988e+03 3.865919e+03 2.230720e-01 2.226931e-01 8.453125e-01 5.136578e+03 5.168787e+03 5.136583e+03 -1.240715e-02 5.091513e+03 4.891482e+03 9.590427e-01
4.030439e-01 5.302685e+03 3.783003e+03 2.127191e-01 2.123579e-01 7.365936e-01 5.032080e+03 5.063634e+03 5.032085e+03 -1.215474e-02 4.988122e+03 4.790707e+03 9.338579e-01
4.084262e-01 5.195810e+03 3.698348e+03 2.028945e-01 2.025501e-01 7.261353e-01 4.929345e+03 4.960254e+03 4.929350e+03 -1.190659e-02 4.886580e+03 4.691036e+03 9.128143e-01
4.138086e-01 5.091746e+03 3.614873e+03 1.936066e-01 1.932780e-01 7.515815e-01 4.829148e+03 4.859429e+03 4.829153e+03 -1.166457e-02 4.787565e+03 4.593765e+03 8.929145e-01
4.191909e-01 4.990909e+03 3.535272e+03 1.848608e-01 1.845471e-01 6.789683e-01 4.732259e+03 4.761932e+03 4.732263e+03 -1.143053e-02 4.691759e+03 4.500085e+03 8.717781e-01
4.245732e-01 4.893694e+03 3.461477e+03 1.766533e-01 1.763536e-01 6.042609e-01 4.639311e+03 4.668402e+03 4.639315e+03 -1.120602e-02 4.599740e+03 4.410885e+03 8.480653e-01
4.299555e-01 4.800322e+03 3.394269e+03 1.689644e-01 1.686777e-01 6.431722e-01 4.550610e+03 4.579146e+03 4.550615e+03 -1.099177e-02 4.511801e+03 4.326526e+03 8.215747e-01
4.353379e-01 4.710661e+03 3.333143e+03 1.617545e-01 1.614801e-01 6.078048e-01 4.465968e+03 4.493972e+03 4.465972e+03 -1.078732e-02 4.427780e+03 4.246696e+03 7.930614e-01
4.407202e-01 4.624275e+03 3.276607e+03 1.549716e-01 1.547086e-01 5.569538e-01 4.384787e+03 4.412282e+03 4.384791e+03 -1.059123e-02 4.347123e+03 4.170549e+03 7.638695e-01
4.461025e-01 4.540685e+03 3.222812e+03 1.485639e-01 1.483117e-01 5.326337e-01 4.306375e+03 4.333379e+03 4.306379e+03 -1.040183e-02 4.269194e+03 4.097104e+03 7.354907e-01
4.514849e-01 4.459531e+03 3.170101e+03 1.424880e-01 1.422461e-01 5.450486e-01 4.230174e+03 4.256700e+03 4.230178e+03 -1.021777e-02 4.193489e+03 4.025554e+03 7.091709e-01
4.568672e-01 4.380507e+03 3.117242e+03 1.367085e-01 1.364764e-01 4.901634e-01 4.155731e+03 4.181791e+03 4.155735e+03 -1.003796e-02 4.119595e+03 3.955294e+03 6.856532e-01
4.622495e-01 4.303280e+03 3.063510e+03 1.311969e-01 1.309741e-01 4.842782e-01 4.082659e+03 4.108260e+03 4.082662e+03 -9.861451e-03 4.047134e+03 3.885883e+03 6.650915e-01
4.676319e-01 4.227623e+03 3.008827e+03 1.259338e-01 1.257199e-01 4.712867e-01 4.010752e+03 4.035902e+03 4.010755e+03 -9.687763e-03 3.975891e+03 3.817172e+03 6.471136e-01
4.730142e-01 4.153565e+03 2.953793e+03 1.209116e-01 1.207064e-01 4.361887e-01 3.940130e+03 3.964837e+03 3.940133e+03 -9.517178e-03 3.905963e+03 3.749416e+03 6.309953e-01
4.783965e-01 4.081315e+03 2.899408e+03 1.161297e-01 1.159326e-01 4.223128e-01 3.871122e+03 3.895397e+03 3.871125e+03 -9.350494e-03 3.837653e+03 3.683115e+03 6.158870e-01
4.837789e-01 4.011042e+03 2.846636e+03 1.115860e-01 1.113966e-01 4.281731e-01 3.804023e+03 3.827877e+03 3.804026e+03 -9.188419e-03 3.771225e+03 3.618718e+03 6.010292e-01
4.891612e-01 3.942783e+03 2.796130e+03 1.072736e-01 1.070915e-01 3.969486e-01 3.738964e+03 3.762410e+03 3.738967e+03 -9.031272e-03 3.706788e+03 3.556465e+03 5.859039e-01
4.945435e-01 3.876518e+03 2.748201e+03 1.031822e-01 1.030070e-01 3.541418e-01 3.675979e+03 3.699030e+03 3.675981e+03 -8.879133e-03 3.644364e+03 3.496434e+03 5.703008e-01
4.999259e-01 3.812239e+03 2.702859e+03 9.930026e-02 9.913173e-02 3.856206e-01 3.615060e+03 3.637729e+03 3.615063e+03 -8.731987e-03 3.583949e+03 3.438604e+03 5.543012e-01
5.053082e-01 3.749909e+03 2.659826e+03 9.561460e-02 9.545232e-02 3.645143e-01 3.556135e+03 3.578435e+03 3.556138e+03 -8.589657e-03 3.525483e+03 3.382842e+03 5.381985e-01
5.106905e-01 3.689396e+03 2.618578e+03 9.210946e-02 9.195311e-02 3.265221e-01 3.499011e+03 3.520953e+03 3.499013e+03 -8.451676e-03 3.468791e+03 3.328867e+03 5.223832e-01
5.160728e-01 3.630486e+03 2.578476e+03 8.876800e-02 8.861732e-02 3.134433e-01 3.443408e+03 3.465001e+03 3.443410e+03 -8.317369e-03 3.413611e+03 3.276315e+03 5.072270e-01
5.214552e-01 3.572979e+03 2.538970e+03 8.557536e-02 8.543009e-02 3.438387e-01 3.389073e+03 3.410326e+03 3.389075e+03 -8.186126e-03 3.359703e+03 3.224867e+03 4.929958e-01
5.268375e-01 3.516763e+03 2.499749e+03 8.252068e-02 8.238059e-02 3.003758e-01 3.335864e+03 3.356783e+03 3.335866e+03 -8.057601e-03 3.306934e+03 3.174351e+03 4.798039e-01
5.322198e-01 3.461804e+03 2.460747e+03 7.959664e-02 7.946151e-02 2.801669e-01 3.283743e+03 3.304335e+03 3.283745e+03 -7.931705e-03 3.255265e+03 3.124732e+03 4.676102e-01
5.376021e-01 3.408079e+03 2.422066e+03 7.679738e-02 7.666702e-02 2.900224e-01 3.232704e+03 3.252976e+03 3.232706e+03 -7.808424e-03 3.204688e+03 3.076037e+03 4.562513e-01
5.429845e-01 3.355550e+03 2.383893e+03 7.411760e-02 7.399179e-02 2.852812e-01 3.182746e+03 3.202705e+03 3.182748e+03 -7.687752e-03 3.155191e+03 3.028315e+03 4.454984e-01
5.483668e-01 3.304203e+03 2.346475e+03 7.155303e-02 7.143158e-02 2.563940e-01 3.133897e+03 3.153550e+03 3.133899e+03 -7.569760e-03 3.106794e+03 2.981646e+03 4.351189e-01
5.537491e-01 3.254083e+03 2.310086e+03 6.910061e-02 6.898332e-02 2.537508e-01 3.086236e+03 3.105589e+03 3.086238e+03 -7.454636e-03 3.059568e+03 2.936151e+03 4.249266e-01
5.591314e-01 3.205236e+03 2.274927e+03 6.675705e-02 6.664375e-02 2.561987e-01 3.039833e+03 3.058896e+03 3.039835e+03 -7.342552e-03 3.013577e+03 2.891928e+03 4.148121e-01
5.645138e-01 3.157647e+03 2.241045e+03 6.451744e-02 6.440793e-02 2.317527e-01 2.994683e+03 3.013462e+03 2.994685e+03 -7.233495e-03 2.968818e+03 2.848977e+03 4.047491e-01
5.698961e-01 3.111239e+03 2.208334e+03 6.237539e-02 6.226952e-02 2.353558e-01 2.950705e+03 2.969209e+03 2.950707e+03 -7.127268e-03 2.925209e+03 2.807205e+03 3.947812e-01
5.752785e-01 3.065934e+03 2.176624e+03 6.032456e-02 6.022217e-02 2.278084e-01 2.907808e+03 2.926043e+03 2.907810e+03 -7.023653e-03 2.882664e+03 2.766498e+03 3.849961e-01
5.806608e-01 3.021694e+03 2.145749e+03 5.835960e-02 5.826053e-02 2.121281e-01 2.865932e+03 2.883905e+03 2.865934e+03 -6.922503e-03 2.841130e+03 2.726771e+03 3.754942e-01
5.860431e-01 2.978486e+03 2.115562e+03 5.647561e-02 5.637974e-02 2.040465e-01 2.825030e+03 2.842745e+03 2.825031e+03 -6.823705e-03 2.800564e+03 2.687952e+03 3.663602e-01
5.914254e-01 2.936247e+03 2.085912e+03 5.466752e-02 5.457472e-02 2.172043e-01 2.785022e+03 2.802487e+03 2.785023e+03 -6.727068e-03 2.760892e+03 2.649950e+03 3.576428e-01
5.968078e-01 2.894893e+03 2.056683e+03 5.293043e-02 5.284058e-02 1.946647e-01 2.745821e+03 2.763040e+03 2.745822e+03 -6.632379e-03 2.722026e+03 2.612671e+03 3.493489e-01
6.021901e-01 2.854376e+03 2.027844e+03 5.126063e-02 5.117361e-02 1.771859e-01 2.707381e+03 2.724360e+03 2.707383e+03 -6.539532e-03 2.683922e+03 2.576076e+03 3.414473e-01
6.075724e-01 2.814703e+03 1.999456e+03 4.965574e-02 4.957145e-02 1.943423e-01 2.669720e+03 2.686462e+03 2.669722e+03 -6.448563e-03 2.646592e+03 2.540194e+03 3.338808e-01
6.129547e-01 2.775894e+03 1.971619e+03 4.811376e-02 4.803209e-02 1.869419e-01 2.632868e+03 2.649379e+03 2.632870e+03 -6.359549e-03 2.610068e+03 2.505073e+03 3.265817e-01
6.183371e-01 2.737932e+03 1.944396e+03 4.663216e-02 4.655301e-02 1.656367e-01 2.596822e+03 2.613106e+03 2.596823e+03 -6.272480e-03 2.574341e+03 2.470726e+03 3.194867e-01
6.237195e-01 2.700777e+03 1.917810e+03 4.520813e-02 4.513140e-02 1.599074e-01 2.561550e+03 2.577614e+03 2.561552e+03 -6.187284e-03 2.539381e+03 2.437133e+03 3.125491e-01
6.291018e-01 2.664410e+03 1.891883e+03 4.383919e-02 4.376478e-02 1.799727e-01 2.527042e+03 2.542889e+03 2.527043e+03 -6.103930e-03 2.505172e+03 2.404287e+03 3.057441e-01
6.553143e-01 2.498207e+03 1.774416e+03 3.788415e-02 3.781985e-02 1.341530e-01 2.369493e+03 2.384352e+03 2.369494e+03 -5.723378e-03 2.348962e+03 2.254520e+03 2.747703e-01
6.710609e-01 2.406100e+03 1.709116e+03 3.479557e-02 3.473650e-02 1.267014e-01 2.282150e+03 2.296462e+03 2.282151e+03 -5.512407e-03 2.262372e+03 2.171434e+03 2.583665e-01
7.173232e-01 2.164204e+03 1.537173e+03 2.739052e-02 2.734403e-02 9.294067e-02 2.052697e+03 2.065570e+03 2.052698e+03 -4.958174e-03 2.034904e+03 1.953101e+03 2.174231e-01
7.667748e-01 1.945603e+03 1.381948e+03 2.155039e-02 2.151381e-02 8.306508e-02 1.845365e+03 1.856938e+03 1.845366e+03 -4.457375e-03 1.829363e+03 1.755841e+03 1.828109e-01
8.196356e-01 1.748120e+03 1.241732e+03 1.694619e-02 1.691742e-02 6.190018e-02 1.658065e+03 1.668463e+03 1.658065e+03 -4.004962e-03 1.643681e+03 1.577645e+03 1.536080e-01
8.761405e-01 1.569841e+03 1.115135e+03 1.331851e-02 1.329590e-02 5.309108e-02 1.488977e+03 1.498314e+03 1.488977e+03 -3.596538e-03 1.476055e+03 1.416770e+03 1.290097e-01
9.365409e-01 1.409024e+03 1.000929e+03 1.046205e-02 1.044429e-02 4.328109e-02 1.336448e+03 1.344829e+03 1.336449e+03 -3.228114e-03 1.324846e+03 1.271648e+03 1.082993e-01
1.001105e+00 1.264052e+03 8.979653e+02 8.214122e-03 8.200179e-03 3.171466e-02 1.198946e+03 1.206465e+03 1.198946e+03 -2.895985e-03 1.188534e+03 1.140820e+03 9.087075e-02
1.070120e+00 1.133455e+03 8.052107e+02 6.446119e-03 6.435177e-03 2.302408e-02 1.075079e+03 1.081821e+03 1.075079e+03 -2.596791e-03 1.065740e+03 1.022964e+03 7.621086e-02
1.143894e+00 1.015862e+03 7.216878e+02 5.056226e-03 5.047643e-03 2.179602e-02 9.635449e+02 9.695876e+02 9.635451e+02 -2.327387e-03 9.551724e+02 9.168423e+02 6.388639e-02
1.222753e+00 9.100673e+02 6.465428e+02 3.964263e-03 3.957535e-03 1.595922e-02 8.632006e+02 8.686140e+02 8.632007e+02 -2.085011e-03 8.556979e+02 8.213659e+02 5.353209e-02
1.307048e+00 8.149333e+02 5.789675e+02 3.106764e-03 3.101490e-03 1.329336e-02 7.729676e+02 7.778151e+02 7.729677e+02 -1.867058e-03 7.662474e+02 7.355096e+02 4.483693e-02
1.397155e+00 7.294254e+02 5.182281e+02 2.433683e-03 2.429552e-03 8.597388e-03 6.918644e+02 6.962034e+02 6.918645e+02 -1.671158e-03 6.858480e+02 6.583397e+02 3.753819e-02
1.493473e+00 6.526263e+02 4.636734e+02 1.905656e-03 1.902422e-03 7.295766e-03 6.190212e+02 6.229034e+02 6.190213e+02 -1.495210e-03 6.136371e+02 5.890287e+02 3.141516e-02
1.596432e+00 5.836774e+02 4.146934e+02 1.491590e-03 1.489058e-03 5.191735e-03 5.536237e+02 5.570957e+02 5.536237e+02 -1.337246e-03 5.488073e+02 5.268018e+02 2.628057e-02
1.706489e+00 5.218111e+02 3.707445e+02 1.167042e-03 1.165061e-03 4.735958e-03 4.949438e+02 4.980478e+02 4.949438e+02 -1.195508e-03 4.906370e+02 4.709664e+02 2.197698e-02
1.824133e+00 4.663260e+02 3.313275e+02 9.127658e-04 9.112164e-04 3.703126e-03 4.423164e+02 4.450903e+02 4.423164e+02 -1.068389e-03 4.384668e+02 4.208899e+02 1.837130e-02
1.949887e+00 4.165868e+02 2.959912e+02 7.136271e-04 7.124159e-04 2.322948e-03 3.951386e+02 3.976167e+02 3.951386e+02 -9.544340e-04 3.916990e+02 3.759985e+02 1.535173e-02
2.084310e+00 3.720221e+02 2.643307e+02 5.577387e-04 5.567920e-04 2.468396e-03 3.528689e+02 3.550819e+02 3.528689e+02 -8.523340e-04 3.497967e+02 3.357771e+02 1.282407e-02
2.228001e+00 3.321097e+02 2.359750e+02 4.357523e-04 4.350127e-04 1.624837e-03 3.150118e+02 3.169874e+02 3.150118e+02 -7.608925e-04 3.122687e+02 2.997543e+02 1.070901e-02
2.381597e+00 2.963791e+02 2.105895e+02 3.403311e-04 3.397534e-04 1.327588e-03 2.811211e+02 2.828841e+02 2.811211e+02 -6.790314e-04 2.786728e+02 2.675055e+02 8.939841e-03
2.545782e+00 2.644067e+02 1.878736e+02 2.657188e-04 2.652677e-04 1.221055e-03 2.507949e+02 2.523678e+02 2.507949e+02 -6.057803e-04 2.486104e+02 2.386485e+02 7.460616e-03
2.721286e+00 2.358096e+02 1.675558e+02 2.073991e-04 2.070471e-04 8.498115e-04 2.236703e+02 2.250730e+02 2.236703e+02 -5.402623e-04 2.217217e+02 2.128377e+02 6.224262e-03
2.908889e+00 2.102395e+02 1.493881e+02 1.618286e-04 1.615539e-04 6.771465e-04 1.994167e+02 2.006673e+02 1.994167e+02 -4.816792e-04 1.976792e+02 1.897589e+02 5.191237e-03
3.109425e+00 1.873866e+02 1.331508e+02 1.262336e-04 1.260193e-04 5.439220e-04 1.777404e+02 1.788551e+02 1.777404e+02 -4.293214e-04 1.761916e+02 1.691324e+02 4.328429e-03
3.323786e+00 1.669691e+02 1.186438e+02 9.843922e-05 9.827214e-05 3.733858e-04 1.583742e+02 1.593674e+02 1.583742e+02 -3.825434e-04 1.569939e+02 1.507040e+02 3.608029e-03
3.552925e+00 1.487339e+02 1.056870e+02 7.674270e-05 7.661244e-05 3.103597e-04 1.410777e+02 1.419624e+02 1.410777e+02 -3.407648e-04 1.398481e+02 1.342450e+02 3.006713e-03
3.797861e+00 1.324538e+02 9.411931e+01 5.981182e-05 5.971030e-05 2.171078e-04 1.256358e+02 1.264237e+02 1.256358e+02 -3.034658e-04 1.245406e+02 1.195508e+02 2.504970e-03
4.059682e+00 1.179242e+02 8.379525e+01 4.660370e-05 4.652459e-05 2.027420e-04 1.118541e+02 1.125556e+02 1.118541e+02 -2.701769e-04 1.108790e+02 1.064363e+02 2.086433e-03
4.339552e+00 1.049608e+02 7.458397e+01 3.630276e-05 3.624114e-05 1.512971e-04 9.955807e+01 1.001824e+02 9.955807e+01 -2.404766e-04 9.869008e+01 9.473558e+01 1.737406e-03
4.638717e+00 9.339892e+01 6.636845e+01 2.827152e-05 2.822353e-05 1.503575e-04 8.859134e+01 8.914693e+01 8.859134e+01 -2.139871e-04 8.781892e+01 8.429972e+01 1.446434e-03
4.958507e+00 8.308985e+01 5.904305e+01 2.201152e-05 2.197416e-05 7.601674e-05 7.881293e+01 7.930721e+01 7.881294e+01 -1.903680e-04 7.812572e+01 7.499464e+01 1.203922e-03
5.300342e+00 7.390105e+01 5.251362e+01 1.713354e-05 1.710446e-05 6.095167e-05 7.009711e+01 7.053673e+01 7.009711e+01 -1.693154e-04 6.948587e+01 6.670067e+01 1.001859e-03
5.665742e+00 6.571283e+01 4.669514e+01 1.333341e-05 1.331078e-05 3.307750e-05 6.233038e+01 6.272128e+01 6.233038e+01 -1.505554e-04 6.178683e+01 5.930982e+01 8.335389e-04
6.056334e+00 5.841859e+01 4.151184e+01 1.037376e-05 1.035616e-05 4.997867e-05 5.541159e+01 5.575909e+01 5.541159e+01 -1.338434e-04 5.492836e+01 5.272585e+01 6.933653e-04
6.473852e+00 5.192236e+01 3.689558e+01 8.069264e-06 8.055568e-06 2.147511e-05 4.924973e+01 4.955860e+01 4.924973e+01 -1.189598e-04 4.882023e+01 4.686217e+01 5.766583e-04
6.920153e+00 4.613855e+01 3.278551e+01 6.275340e-06 6.264689e-06 2.298699e-05 4.376361e+01 4.403807e+01 4.376361e+01 -1.057084e-04 4.338195e+01 4.164149e+01 4.795138e-04
7.397222e+00 4.099026e+01 2.912703e+01 4.879190e-06 4.870909e-06 1.966805e-05 3.888030e+01 3.912413e+01 3.888030e+01 -9.391306e-05 3.854123e+01 3.699445e+01 3.986700e-04
7.907180e+00 3.640897e+01 2.587143e+01 3.792878e-06 3.786441e-06 1.133918e-05 3.453479e+01 3.475137e+01 3.453479e+01 -8.341674e-05 3.423362e+01 3.285917e+01 3.314078e-04
8.452294e+00 3.233311e+01 2.297498e+01 2.947822e-06 2.942819e-06 6.892132e-06 3.066870e+01 3.086104e+01 3.066870e+01 -7.407844e-05 3.040126e+01 2.918010e+01 2.754562e-04
9.034987e+00 2.870792e+01 2.039877e+01 2.290595e-06 2.286708e-06 1.453754e-05 2.723009e+01 2.740086e+01 2.723009e+01 -6.577266e-05 2.699265e+01 2.590781e+01 2.289237e-04
9.657851e+00 2.548426e+01 1.810787e+01 1.779555e-06 1.776534e-06 1.194320e-05 2.417234e+01 2.432393e+01 2.417234e+01 -5.838684e-05 2.396157e+01 2.299795e+01 1.902317e-04
1.032366e+01 2.261835e+01 1.607120e+01 1.382268e-06 1.379923e-06 3.571189e-06 2.145391e+01 2.158846e+01 2.145391e+01 -5.182065e-05 2.126687e+01 2.041099e+01 1.580652e-04
1.103536e+01 2.007107e+01 1.426094e+01 1.073480e-06 1.071658e-06 5.422594e-06 1.903773e+01 1.915712e+01 1.903773e+01 -4.598450e-05 1.887177e+01 1.811164e+01 1.313287e-04
1.179613e+01 1.780746e+01 1.265226e+01 8.335213e-07 8.321068e-07 5.506031e-06 1.689061e+01 1.699653e+01 1.689061e+01 -4.079826e-05 1.674339e+01 1.606833e+01 1.091089e-04
1.260934e+01 1.579639e+01 1.122304e+01 6.470879e-07 6.459899e-07 1.484476e-06 1.498302e+01 1.507699e+01 1.498302e+01 -3.619060e-05 1.485247e+01 1.425297e+01 9.064600e-05
1.347862e+01 1.401005e+01 9.953518e+00 5.022679e-07 5.014156e-07 2.668505e-06 1.328861e+01 1.337195e+01 1.328861e+01 -3.209784e-05 1.317285e+01 1.264046e+01 7.530696e-05
1.440782e+01 1.242364e+01 8.826065e+00 3.897929e-07 3.891316e-07 2.760334e-06 1.178383e+01 1.185773e+01 1.178383e+01 -2.846314e-05 1.168120e+01 1.120841e+01 6.256491e-05
1.540108e+01 1.101507e+01 7.824993e+00 3.024551e-07 3.019420e-07 1.064678e-06 1.044774e+01 1.051326e+01 1.044774e+01 -2.523589e-05 1.035678e+01 9.936879e+00 5.198153e-05
1.646282e+01 9.764642e+00 6.936306e+00 2.346486e-07 2.342505e-07 1.746991e-06 9.261651e+00 9.319735e+00 9.261651e+00 -2.237097e-05 9.181053e+00 8.808100e+00 4.319209e-05
1.759775e+01 8.654817e+00 6.147536e+00 1.820146e-07 1.817058e-07 2.660702e-07 8.208931e+00 8.260412e+00 8.208931e+00 -1.982819e-05 8.137528e+00 7.806232e+00 3.589323e-05
1.881093e+01 7.669960e+00 5.447574e+00 1.411650e-07 1.409256e-07 4.106695e-07 7.274748e+00 7.320371e+00 7.274748e+00 -1.757172e-05 7.211507e+00 6.917168e+00 2.983265e-05
2.010773e+01 6.796160e+00 4.826534e+00 1.094667e-07 1.092810e-07 5.711577e-07 6.445906e+00 6.486331e+00 6.445906e+00 -1.556970e-05 6.389906e+00 6.128346e+00 2.480060e-05
2.149394e+01 6.021027e+00 4.275613e+00 8.487343e-08 8.472950e-08 4.792278e-07 5.710654e+00 5.746468e+00 5.710654e+00 -1.379374e-05 5.661079e+00 5.428587e+00 2.062272e-05
2.297572e+01 5.333539e+00 3.786978e+00 6.579573e-08 6.568417e-08 1.587627e-07 5.058536e+00 5.090260e+00 5.058536e+00 -1.221859e-05 5.014661e+00 4.807940e+00 1.715411e-05
2.455964e+01 4.723890e+00 3.353659e+00 5.099895e-08 5.091249e-08 1.671274e-07 4.480251e+00 4.508348e+00 4.480251e+00 -1.082178e-05 4.441431e+00 4.257555e+00 1.427438e-05
2.625276e+01 4.183353e+00 2.969457e+00 3.952418e-08 3.945718e-08 2.680557e-07 3.967521e+00 3.992404e+00 3.967521e+00 -9.583312e-06 3.933183e+00 3.769553e+00 1.188350e-05
2.806260e+01 3.704172e+00 2.628858e+00 3.062695e-08 3.057505e-08 1.161250e-07 3.512990e+00 3.535022e+00 3.512990e+00 -8.485418e-06 3.482626e+00 3.336933e+00 9.898384e-06
2.999722e+01 3.279447e+00 2.326961e+00 2.372929e-08 2.368908e-08 9.891218e-08 3.110112e+00 3.129618e+00 3.110112e+00 -7.512293e-06 3.083272e+00 2.953470e+00 8.250034e-06
3.206520e+01 2.903047e+00 2.059407e+00 1.838257e-08 1.835144e-08 1.529086e-07 2.753074e+00 2.770340e+00 2.753074e+00 -6.649887e-06 2.729357e+00 2.613628e+00 6.881161e-06
3.427574e+01 2.569525e+00 1.822325e+00 1.423867e-08 1.421456e-08 6.280680e-08 2.436706e+00 2.451988e+00 2.436706e+00 -5.885719e-06 2.415757e+00 2.312490e+00 5.744204e-06
3.663868e+01 2.274038e+00 1.612275e+00 1.102743e-08 1.100876e-08 6.465763e-08 2.156416e+00 2.169940e+00 2.156416e+00 -5.208696e-06 2.137920e+00 2.045685e+00 4.799681e-06
3.916452e+01 2.012287e+00 1.426201e+00 8.539285e-09 8.524837e-09 6.676296e-09 1.908127e+00 1.920094e+00 1.908127e+00 -4.608967e-06 1.891804e+00 1.809332e+00 4.014829e-06
4.186449e+01 1.780452e+00 1.261389e+00 6.611674e-09 6.600493e-09 -1.777704e-08 1.688214e+00 1.698802e+00 1.688214e+00 -4.077782e-06 1.673817e+00 1.599984e+00 3.362455e-06
4.475059e+01 1.575143e+00 1.115427e+00 5.118515e-09 5.109863e-09 2.428471e-08 1.493462e+00 1.502828e+00 1.493462e+00 -3.607369e-06 1.480770e+00 1.414580e+00 2.819997e-06
4.783565e+01 1.393348e+00 9.861784e-01 3.962044e-09 3.955351e-09 2.136030e-08 1.321014e+00 1.329299e+00 1.321014e+00 -3.190831e-06 1.309833e+00 1.250402e+00 2.368738e-06
5.113340e+01 1.232396e+00 8.717426e-01 3.066460e-09 3.061283e-09 8.380862e-10 1.168337e+00 1.175664e+00 1.168337e+00 -2.822048e-06 1.158494e+00 1.105039e+00 1.993151e-06
5.465849e+01 1.089915e+00 7.704345e-01 2.372998e-09 2.368995e-09 -1.260762e-08 1.033180e+00 1.039660e+00 1.033180e+00 -2.495585e-06 1.024522e+00 9.763492e-01 1.680358e-06
5.842660e+01 9.638015e-01 6.807593e-01 1.836112e-09 1.833017e-09 2.965042e-08 9.135488e-01 9.192780e-01 9.135488e-01 -2.206623e-06 9.059404e-01 8.624348e-01 1.419675e-06
6.245448e+01 8.521886e-01 6.013901e-01 1.420501e-09 1.418109e-09 -1.114408e-08 8.076719e-01 8.127372e-01 8.076719e-01 -1.950883e-06 8.009928e-01 7.616104e-01 1.202244e-06
6.676003e+01 7.534214e-01 5.311509e-01 1.098813e-09 1.096965e-09 2.087466e-08 7.139798e-01 7.184575e-01 7.139798e-01 -1.724576e-06 7.081233e-01 6.723822e-01 1.020718e-06
7.136241e+01 6.660314e-01 4.689980e-01 8.498545e-10 8.484272e-10 1.053579e-08 6.310796e-01 6.350374e-01 6.310796e-01 -1.524335e-06 6.259515e-01 5.934250e-01 8.690042e-07
7.628207e+01 5.887171e-01 4.140067e-01 6.572066e-10 6.561045e-10 1.126421e-08 5.577368e-01 5.612345e-01 5.577368e-01 -1.347180e-06 5.532534e-01 5.235639e-01 7.420512e-07
8.154089e+01 5.203245e-01 3.653567e-01 5.081524e-10 5.073018e-10 2.944466e-09 4.928567e-01 4.959476e-01 4.928567e-01 -1.190466e-06 4.889441e-01 4.617576e-01 6.356696e-07
8.716224e+01 4.598310e-01 3.223214e-01 3.928423e-10 3.921860e-10 8.691083e-10 4.354692e-01 4.382002e-01 4.354692e-01 -1.051850e-06 4.320618e-01 4.070829e-01 5.463849e-07
9.317113e+01 4.063298e-01 2.842565e-01 3.036490e-10 3.031428e-10 2.831498e-09 3.847145e-01 3.871273e-01 3.847145e-01 -9.292552e-07 3.817543e-01 3.587219e-01 4.713162e-07
9.959426e+01 3.590179e-01 2.505913e-01 2.346666e-10 2.342764e-10 -2.829678e-10 3.398308e-01 3.419621e-01 3.398308e-01 -8.208412e-07 3.372664e-01 3.159497e-01 4.080738e-07
1.064602e+02 3.171837e-01 2.208201e-01 1.813228e-10 1.810222e-10 5.176873e-10 3.001431e-01 3.020254e-01 3.001431e-01 -7.249777e-07 2.979289e-01 2.781243e-01 3.546759e-07
1.137995e+02 2.801967e-01 1.944951e-01 1.400782e-10 1.398468e-10 -1.028884e-09 2.650532e-01 2.667155e-01 2.650532e-01 -6.402204e-07 2.631491e-01 2.446769e-01 3.094781e-07
1.216447e+02 2.474985e-01 1.712196e-01 1.081934e-10 1.080153e-10 1.434398e-09 2.340319e-01 2.354996e-01 2.340319e-01 -5.652901e-07 2.324019e-01 2.151040e-01 2.711161e-07
1.300308e+02 2.185948e-01 1.506423e-01 8.354804e-11 8.341115e-11 -5.161357e-10 2.066099e-01 2.079056e-01 2.066099e-01 -4.990539e-07 2.052227e-01 1.889595e-01 2.384576e-07
1.389950e+02 1.930476e-01 1.324522e-01 6.450157e-11 6.439642e-11 9.032873e-10 1.823720e-01 1.835158e-01 1.823720e-01 -4.405088e-07 1.811995e-01 1.658488e-01 2.105626e-07
1.485772e+02 1.704694e-01 1.163741e-01 4.978455e-11 4.970386e-11 6.441933e-10 1.609506e-01 1.619600e-01 1.609506e-01 -3.887666e-07 1.599680e-01 1.454225e-01 1.866505e-07
1.588200e+02 1.505169e-01 1.021643e-01 3.841494e-11 3.835309e-11 7.979936e-10 1.420202e-01 1.429109e-01 1.420202e-01 -3.430414e-07 1.412054e-01 1.273714e-01 1.660726e-07
1.697689e+02 1.328864e-01 8.960729e-02 2.963306e-11 2.958570e-11 5.153600e-10 1.252927e-01 1.260785e-01 1.252927e-01 -3.026371e-07 1.246263e-01 1.114220e-01 1.482898e-07
1.814726e+02 1.173091e-01 7.851227e-02 2.285135e-11 2.281515e-11 1.017502e-10 1.105132e-01 1.112062e-01 1.105132e-01 -2.669380e-07 1.099779e-01 9.733254e-02 1.328538e-07
1.939831e+02 1.035471e-01 6.871059e-02 1.761544e-11 1.758780e-11 -1.332303e-11 9.745603e-02 9.806722e-02 9.745603e-02 -2.353993e-07 9.703648e-02 8.488909e-02 1.193914e-07
2.073562e+02 9.138996e-02 6.005306e-02 1.357396e-11 1.355291e-11 2.002239e-10 8.592171e-02 8.646056e-02 8.592171e-02 -2.075388e-07 8.560421e-02 7.390269e-02 1.075919e-07
2.216511e+02 8.065142e-02 5.240783e-02 1.045527e-11 1.043926e-11 3.115012e-10 7.573365e-02 7.620861e-02 7.573365e-02 -1.829301e-07 7.550603e-02 6.420636e-02 9.719632e-08
2.369315e+02 7.116675e-02 4.565838e-02 8.049368e-12 8.037225e-12 -9.592524e-11 6.673567e-02 6.715420e-02 6.673567e-02 -1.611960e-07 6.658708e-02 5.565266e-02 8.798875e-08
2.532654e+02 6.279030e-02 3.970174e-02 6.193941e-12 6.184754e-12 1.193159e-10 5.878969e-02 5.915839e-02 5.878969e-02 -1.420030e-07 5.871042e-02 4.811143e-02 7.978893e-08
2.707253e+02 5.539318e-02 3.444702e-02 4.763548e-12 4.756618e-12 9.399407e-11 5.177359e-02 5.209828e-02 5.177359e-02 -1.250560e-07 5.175491e-02 4.146786e-02 7.244630e-08
2.893888e+02 4.886147e-02 2.981397e-02 3.661257e-12 3.656047e-12 1.782017e-11 4.557939e-02 4.586524e-02 4.557939e-02 -1.100943e-07 4.561347e-02 3.562072e-02 6.583511e-08
3.093391e+02 4.309442e-02 2.573179e-02 2.812180e-12 2.808278e-12 -8.555923e-13 4.011166e-02 4.036322e-02 4.011166e-02 -9.688733e-08 4.019142e-02 3.048081e-02 5.985024e-08
3.306646e+02 3.800296e-02 2.213806e-02 2.158469e-12 2.155560e-12 6.872568e-11 3.528606e-02 3.550735e-02 3.528606e-02 -8.523138e-08 3.540507e-02 2.596960e-02 5.440388e-08
3.534603e+02 3.350835e-02 1.897775e-02 1.655446e-12 1.653288e-12 6.940994e-11 3.102805e-02 3.122264e-02 3.102805e-02 -7.494641e-08 3.118043e-02 2.201794e-02 4.942279e-08
3.778275e+02 2.954100e-02 1.620242e-02 1.268612e-12 1.267019e-12 -2.160007e-12 2.727177e-02 2.744280e-02 2.727177e-02 -6.587334e-08 2.745214e-02 1.856497e-02 4.484599e-08
4.038747e+02 2.603941e-02 1.376938e-02 9.713305e-13 9.701623e-13 1.981455e-11 2.395904e-02 2.410929e-02 2.395904e-02 -5.787163e-08 2.416242e-02 1.555716e-02 4.062298e-08
4.317174e+02 2.294922e-02 1.164106e-02 7.430436e-13 7.421927e-13 2.389778e-11 2.103847e-02 2.117041e-02 2.103847e-02 -5.081717e-08 2.126024e-02 1.294728e-02 3.671216e-08
4.614796e+02 2.022240e-02 9.784401e-03 5.678858e-13 5.672707e-13 -5.438532e-12 1.846467e-02 1.858047e-02 1.846467e-02 -4.460032e-08 1.870050e-02 1.069369e-02 3.307970e-08
4.932936e+02 1.781653e-02 8.170242e-03 4.336174e-13 4.331765e-13 -8.275468e-12 1.619756e-02 1.629914e-02 1.619756e-02 -3.912424e-08 1.644339e-02 8.759431e-03 2.969844e-08
5.273008e+02 1.569412e-02 6.772858e-03 3.307979e-13 3.304847e-13 1.895750e-11 1.420171e-02 1.429078e-02 1.420171e-02 -3.430339e-08 1.445372e-02 7.111585e-03 2.654716e-08
5.636525e+02 1.382206e-02 5.569461e-03 2.521485e-13 2.519279e-13 2.990780e-12 1.244584e-02 1.252390e-02 1.244584e-02 -3.006220e-08 1.270042e-02 5.720518e-03 2.360979e-08
6.025102e+02 1.217110e-02 4.539775e-03 1.920584e-13 1.919045e-13 1.072838e-11 1.090229e-02 1.097067e-02 1.090229e-02 -2.633384e-08 1.115605e-02 4.559237e-03 2.087487e-08
6.440467e+02 1.071540e-02 3.665615e-03 1.462050e-13 1.460986e-13 -9.970648e-14 9.546578e-03 9.606449e-03 9.546578e-03 -2.305919e-08 9.796347e-03 3.602772e-03 1.833488e-08
6.884467e+02 9.432163e-03 2.930506e-03 1.112595e-13 1.111864e-13 5.051575e-12 8.357020e-03 8.409430e-03 8.357020e-03 -2.018588e-08 8.599883e-03 2.827605e-03 1.598568e-08
7.359076e+02 8.301218e-03 2.319329e-03 8.465957e-14 8.460955e-14 3.045825e-12 7.314375e-03 7.360246e-03 7.314375e-03 -1.766744e-08 7.547701e-03 2.211166e-03 1.382580e-08
7.866404e+02 7.304764e-03 1.817993e-03 6.443487e-14 6.440060e-14 6.473840e-12 6.401530e-03 6.441677e-03 6.401530e-03 -1.546251e-08 6.623021e-03 1.731454e-03 1.185566e-08
8.408707e+02 6.427069e-03 1.413163e-03 4.907138e-14 4.904770e-14 3.540295e-13 5.603224e-03 5.638365e-03 5.603224e-03 -1.353426e-08 5.810971e-03 1.366789e-03 1.007666e-08
8.988395e+02 5.654223e-03 1.092038e-03 3.740733e-14 3.739072e-14 2.862526e-12 4.905810e-03 4.936576e-03 4.905810e-03 -1.184969e-08 5.098354e-03 1.095783e-03 8.490063e-09
9.608047e+02 4.973928e-03 8.422148e-04 2.855274e-14 2.854083e-14 -1.729580e-12 4.297046e-03 4.323995e-03 4.297046e-03 -1.037926e-08 4.473437e-03 8.975612e-04 7.095800e-09
1.027042e+03 4.375299e-03 6.516603e-04 2.182738e-14 2.181865e-14 1.782152e-12 3.765940e-03 3.789558e-03 3.765940e-03 -9.096405e-09 3.925772e-03 7.522752e-04 5.891203e-09
1.097845e+03 3.848701e-03 5.087977e-04 1.671295e-14 1.670642e-14 3.377571e-13 3.302611e-03 3.323323e-03 3.302611e-03 -7.977261e-09 3.446042e-03 6.419111e-04 4.869802e-09
1.173530e+03 3.385596e-03 4.027334e-04 1.281594e-14 1.281104e-14 6.694625e-13 2.898206e-03 2.916382e-03 2.898206e-03 -7.000446e-09 3.025934e-03 5.513152e-04 4.020391e-09
1.254432e+03 2.978419e-03 3.236007e-04 9.839014e-15 9.835361e-15 7.637059e-13 2.544847e-03 2.560807e-03 2.544847e-03 -6.146927e-09 2.658033e-03 4.692769e-04 3.326629e-09
1.340911e+03 2.620460e-03 2.629804e-04 7.558543e-15 7.555891e-15 -2.582252e-13 2.235600e-03 2.249621e-03 2.235600e-03 -5.399960e-09 2.335745e-03 3.893909e-04 2.767425e-09
1.433352e+03 2.305781e-03 2.143112e-04 5.807106e-15 5.805256e-15 3.258978e-13 1.964466e-03 1.976786e-03 1.964466e-03 -4.745050e-09 2.053237e-03 3.103414e-04 2.318315e-09
1.532166e+03 2.029125e-03 1.731679e-04 4.459645e-15 4.458418e-15 -6.663038e-13 1.726350e-03 1.737177e-03 1.726350e-03 -4.169896e-09 1.805388e-03 2.352454e-04 1.953832e-09
1.637792e+03 1.785855e-03 1.372705e-04 3.422580e-15 3.421804e-15 -3.952782e-13 1.517013e-03 1.526527e-03 1.517013e-03 -3.664254e-09 1.587747e-03 1.698649e-04 1.650575e-09
1.750700e+03 1.571888e-03 1.061196e-04 2.625305e-15 2.624826e-15 -3.395867e-13 1.332959e-03 1.341318e-03 1.332959e-03 -3.219683e-09 1.396484e-03 1.198744e-04 1.390273e-09
1.871392e+03 1.383649e-03 8.025579e-05 2.013746e-15 2.013438e-15 4.308464e-13 1.171275e-03 1.178621e-03 1.171275e-03 -2.829146e-09 1.228323e-03 8.792252e-05 1.161841e-09
2.000404e+03 1.218008e-03 6.030541e-05 1.545729e-15 1.545510e-15 2.786284e-13 1.029441e-03 1.035897e-03 1.029441e-03 -2.486554e-09 1.080466e-03 7.172890e-05 9.614226e-10
2.138310e+03 1.072232e-03 4.614174e-05 1.187924e-15 1.187751e-15 1.250395e-13 9.051479e-04 9.108245e-04 9.051479e-04 -2.186331e-09 9.504929e-04 6.449330e-05 7.899814e-10
2.285724e+03 9.439331e-04 3.655415e-05 9.140139e-16 9.138778e-16 -5.284065e-14 7.962059e-04 8.011993e-04 7.962059e-04 -1.923188e-09 8.362727e-04 5.803221e-05 6.491487e-10
2.443299e+03 8.310147e-04 2.964560e-05 7.036271e-16 7.035299e-16 1.301610e-13 7.005631e-04 7.049567e-04 7.005631e-04 -1.692169e-09 7.358977e-04 4.730631e-05 5.373275e-10
2.611738e+03 7.316306e-04 2.375845e-05 5.414937e-16 5.414339e-16 -1.785766e-13 6.164141e-04 6.202799e-04 6.164141e-04 -1.488912e-09 6.476546e-04 3.330104e-05 4.484798e-10
2.791789e+03 6.441514e-04 1.827810e-05 4.164493e-16 4.164157e-16 -1.523012e-13 5.422984e-04 5.456994e-04 5.422984e-04 -1.309890e-09 5.700285e-04 2.141453e-05 3.746609e-10
2.984252e+03 5.671417e-04 1.361687e-05 3.202380e-16 3.202162e-16 -6.512468e-14 4.770784e-04 4.800704e-04 4.770784e-04 -1.152355e-09 5.017127e-04 1.583724e-05 3.104156e-10
3.189984e+03 4.993417e-04 1.032850e-05 2.464214e-16 2.464033e-16 2.835777e-14 4.197856e-04 4.224183e-04 4.197856e-04 -1.013967e-09 4.415920e-04 1.500547e-05 2.549604e-10
3.409899e+03 4.396477e-04 8.239072e-06 1.897669e-16 1.897526e-16 -1.115024e-13 3.694686e-04 3.717857e-04 3.694686e-04 -8.924295e-10 3.886972e-04 1.361525e-05 2.097195e-10
3.644974e+03 3.870907e-04 6.599677e-06 1.461373e-16 1.461286e-16 1.380845e-14 3.251987e-04 3.272382e-04 3.251987e-04 -7.854982e-10 3.421596e-04 9.480685e-06 1.740143e-10
3.896255e+03 3.408164e-04 5.018059e-06 1.124844e-16 1.124797e-16 7.305917e-14 2.861993e-04 2.879942e-04 2.861993e-04 -6.912974e-10 3.012005e-04 5.852548e-06 1.445242e-10
4.164860e+03 3.000718e-04 3.756585e-06 8.658877e-17 8.658512e-17 -7.810860e-14 2.518808e-04 2.534604e-04 2.518808e-04 -6.084030e-10 2.651430e-04 5.170394e-06 1.190094e-10
4.451981e+03 2.641951e-04 2.968296e-06 6.669082e-17 6.668781e-17 7.664567e-14 2.217128e-04 2.231032e-04 2.217128e-04 -5.355341e-10 2.334047e-04 4.861960e-06 9.787418e-11
6.289314e+03 1.365705e-04 7.907904e-07 1.720485e-17 1.720468e-17 0.000000e+00 1.144029e-04 1.151203e-04 1.144029e-04 0.000000e+00 1.205382e-04 1.280521e-06 3.646296e-11
8.884912e+03 7.059747e-05 2.106764e-07 4.438491e-18 4.438604e-18 0.000000e+00 5.903144e-05 5.940158e-05 5.903144e-05 0.000000e+00 6.225007e-05 3.372575e-07 1.358425e-11
1.255171e+04 3.649398e-05 5.612679e-08 1.145038e-18 1.145107e-18 0.000000e+00 3.045998e-05 3.065095e-05 3.045998e-05 0.000000e+00 3.214808e-05 8.882532e-08 5.060800e-12
1.773180e+04 1.886485e-05 1.495287e-08 2.953960e-19 2.954239e-19 0.000000e+00 1.571723e-05 1.581576e-05 1.571723e-05 0.000000e+00 1.660238e-05 2.339440e-08 1.885397e-12
2.504972e+04 9.751818e-06 3.983630e-09 7.620601e-20 7.621584e-20 0.000000e+00 8.110025e-06 8.160861e-06 8.110025e-06 0.000000e+00 8.574039e-06 6.161508e-09 7.024030e-13
3.538773e+04 5.041012e-06 1.061288e-09 1.965956e-20 1.966278e-20 0.000000e+00 4.184740e-06 4.210968e-06 4.184740e-06 0.000000e+00 4.427929e-06 1.622789e-09 2.616797e-13
4.999224e+04 2.605853e-06 2.827404e-10 5.071757e-21 5.072762e-21 0.000000e+00 2.159309e-06 2.172841e-06 2.159309e-06 0.000000e+00 2.286735e-06 4.274026e-10 9.748855e-14
7.062402e+04 1.347045e-06 7.532554e-11 1.308408e-21 1.308712e-21 0.000000e+00 1.114194e-06 1.121176e-06 1.114194e-06 0.000000e+00 1.180949e-06 1.125673e-10 3.631928e-14
9.977054e+04 6.963285e-07 2.006766e-11 3.375419e-22 3.376322e-22 0.000000e+00 5.749198e-07 5.785221e-07 5.749198e-07 0.000000e+00 6.098826e-07 2.964746e-11 1.353072e-14
1.409458e+05 3.599534e-07 5.346272e-12 8.707876e-23 8.710507e-23 0.000000e+00 2.966563e-07 2.985149e-07 2.966563e-07 0.000000e+00 3.149644e-07 7.808409e-12 5.040858e-15
1.991141e+05 1.860709e-07 1.424313e-12 2.246451e-23 2.247207e-23 0.000000e+00 1.530734e-07 1.540324e-07 1.530734e-07 0.000000e+00 1.626584e-07 2.056542e-12 1.877967e-15
2.812885e+05 9.618572e-08 3.794547e-13 5.795374e-24 5.797526e-24 0.000000e+00 7.898527e-08 7.948002e-08 7.898527e-08 0.000000e+00 8.400242e-08 5.416425e-13 6.996352e-16
3.973762e+05 4.972133e-08 1.010914e-13 1.495086e-24 1.495693e-24 0.000000e+00 4.075607e-08 4.101134e-08 4.075607e-08 0.000000e+00 4.338174e-08 1.426553e-13 2.606485e-16
5.613733e+05 2.570247e-08 2.693201e-14 3.857009e-25 3.858708e-25 0.000000e+00 2.102997e-08 2.116167e-08 2.102997e-08 0.000000e+00 2.240383e-08 3.757188e-14 9.710439e-17
7.930519e+05 1.328639e-08 7.175020e-15 9.950280e-26 9.955008e-26 0.000000e+00 1.085138e-08 1.091933e-08 1.085138e-08 0.000000e+00 1.157011e-08 9.895507e-15 3.617616e-17
1.120344e+06 6.868141e-09 1.911514e-15 2.566965e-26 2.568273e-26 0.000000e+00 5.599267e-09 5.634326e-09 5.599267e-09 0.000000e+00 5.975202e-09 2.606233e-15 1.347740e-17
1.582710e+06 3.550351e-09 5.092510e-16 6.622234e-27 6.625839e-27 0.000000e+00 2.889199e-09 2.907287e-09 2.889199e-09 0.000000e+00 3.085800e-09 6.864174e-16 5.020994e-18
2.235894e+06 1.835285e-09 1.356708e-16 1.708398e-27 1.709387e-27 0.000000e+00 1.490815e-09 1.500148e-09 1.490815e-09 0.000000e+00 1.593613e-09 1.807854e-16 1.870567e-18
3.158648e+06 9.487147e-10 3.614438e-17 4.407311e-28 4.410016e-28 0.000000e+00 7.692543e-10 7.740695e-10 7.692543e-10 0.000000e+00 8.229968e-10 4.761442e-17 6.968783e-19
4.462221e+06 4.904196e-10 9.629309e-18 1.136994e-28 1.137731e-28 0.000000e+00 3.969321e-10 3.994165e-10 3.969321e-10 0.000000e+00 4.250239e-10 1.254046e-17 2.596214e-19
6.303778e+06 2.535128e-10 2.565367e-18 2.933209e-29 2.935212e-29 0.000000e+00 2.048153e-10 2.060971e-10 2.048153e-10 0.000000e+00 2.194970e-10 3.302849e-18 9.672176e-20
8.905346e+06 1.310485e-10 6.834456e-19 7.567067e-30 7.572496e-30 0.000000e+00 1.056839e-10 1.063452e-10 1.056839e-10 0.000000e+00 1.133558e-10 8.698890e-19 3.603361e-20
1.258058e+07 6.774297e-11 1.820784e-19 1.952145e-30 1.953614e-30 0.000000e+00 5.453245e-11 5.487367e-11 5.453245e-11 0.000000e+00 5.854084e-11 2.291073e-19 1.342429e-20
1.777258e+07 3.501841e-11 4.850793e-20 5.036128e-31 5.040090e-31 0.000000e+00 2.813852e-11 2.831457e-11 2.813852e-11 0.000000e+00 3.023250e-11 6.034121e-20 5.001209e-21
2.510733e+07 1.810208e-11 1.292311e-20 1.299216e-31 1.300283e-31 0.000000e+00 1.451936e-11 1.461019e-11 1.451936e-11 0.000000e+00 1.561311e-11 1.589239e-20 1.863196e-21
3.546911e+07 9.357518e-12 3.442878e-21 3.351707e-32 3.354576e-32 0.000000e+00 7.491932e-12 7.538796e-12 7.491932e-12 0.000000e+00 8.063146e-12 4.185663e-21 6.941323e-22
5.010721e+07 4.837187e-12 9.172252e-22 8.646704e-33 8.654405e-33 0.000000e+00 3.865806e-12 3.889985e-12 3.865806e-12 0.000000e+00 4.164086e-12 1.102400e-21 2.585984e-22
7.078645e+07 2.500489e-12 2.443602e-22 2.230669e-33 2.232733e-33 0.000000e+00 1.994740e-12 2.007215e-12 1.994740e-12 0.000000e+00 2.150478e-12 2.903451e-22 9.634063e-23
1.000000e+08 1.292579e-12 6.510057e-23 5.754662e-34 5.760186e-34 0.000000e+00 1.029278e-12 1.035714e-12 1.029278e-12 0.000000e+00 1.110581e-12 7.646973e-23 3.589162e-23
